# Created by Octave 2.1.33, Thu Apr 26 16:21:52 2001 EDT <johnc@kazoo.ncnr.nist.gov>
# name: sample
# type: matrix
# rows: 128
# columns: 128
8.0 8.0 3.0 3.0 11.0 11.0 20.0 20.0 28.0 28.0 21.0 21.0 22.0 22.0 18.0 18.0 28.0 28.0 32.0 32.0 20.0 20.0 22.0 22.0 33.0 33.0 34.0 34.0 24.0 24.0 21.0 21.0 27.0 27.0 18.0 18.0 17.0 17.0 23.0 23.0 32.0 32.0 30.0 30.0 32.0 32.0 42.0 42.0 33.0 33.0 32.0 32.0 41.0 41.0 47.0 47.0 39.0 39.0 43.0 43.0 65.0 65.0 79.0 79.0 71.0 71.0 70.0 70.0 57.0 57.0 59.0 59.0 54.0 54.0 38.0 38.0 44.0 44.0 31.0 31.0 34.0 34.0 30.0 30.0 20.0 20.0 29.0 29.0 23.0 23.0 26.0 26.0 26.0 26.0 26.0 26.0 20.0 20.0 22.0 22.0 23.0 23.0 18.0 18.0 20.0 20.0 24.0 24.0 24.0 24.0 23.0 23.0 22.0 22.0 25.0 25.0 18.0 18.0 16.0 16.0 16.0 16.0 2.0 2.0 0.0 0.0 1.0 1.0
8.0 8.0 3.0 3.0 11.0 11.0 20.0 20.0 28.0 28.0 21.0 21.0 22.0 22.0 18.0 18.0 28.0 28.0 32.0 32.0 20.0 20.0 22.0 22.0 33.0 33.0 34.0 34.0 24.0 24.0 21.0 21.0 27.0 27.0 18.0 18.0 17.0 17.0 23.0 23.0 32.0 32.0 30.0 30.0 32.0 32.0 42.0 42.0 33.0 33.0 32.0 32.0 41.0 41.0 47.0 47.0 39.0 39.0 43.0 43.0 65.0 65.0 79.0 79.0 71.0 71.0 70.0 70.0 57.0 57.0 59.0 59.0 54.0 54.0 38.0 38.0 44.0 44.0 31.0 31.0 34.0 34.0 30.0 30.0 20.0 20.0 29.0 29.0 23.0 23.0 26.0 26.0 26.0 26.0 26.0 26.0 20.0 20.0 22.0 22.0 23.0 23.0 18.0 18.0 20.0 20.0 24.0 24.0 24.0 24.0 23.0 23.0 22.0 22.0 25.0 25.0 18.0 18.0 16.0 16.0 16.0 16.0 2.0 2.0 0.0 0.0 1.0 1.0
0.0 0.0 13.0 13.0 16.0 16.0 19.0 19.0 30.0 30.0 24.0 24.0 23.0 23.0 26.0 26.0 15.0 15.0 26.0 26.0 19.0 19.0 24.0 24.0 27.0 27.0 29.0 29.0 34.0 34.0 30.0 30.0 27.0 27.0 31.0 31.0 29.0 29.0 23.0 23.0 26.0 26.0 31.0 31.0 26.0 26.0 34.0 34.0 37.0 37.0 53.0 53.0 39.0 39.0 46.0 46.0 56.0 56.0 88.0 88.0 92.0 92.0 101.0 101.0 85.0 85.0 107.0 107.0 99.0 99.0 71.0 71.0 67.0 67.0 54.0 54.0 54.0 54.0 42.0 42.0 38.0 38.0 31.0 31.0 29.0 29.0 27.0 27.0 27.0 27.0 36.0 36.0 31.0 31.0 30.0 30.0 29.0 29.0 36.0 36.0 21.0 21.0 24.0 24.0 23.0 23.0 33.0 33.0 17.0 17.0 25.0 25.0 18.0 18.0 19.0 19.0 24.0 24.0 23.0 23.0 21.0 21.0 18.0 18.0 8.0 8.0 3.0 3.0
0.0 0.0 13.0 13.0 16.0 16.0 19.0 19.0 30.0 30.0 24.0 24.0 23.0 23.0 26.0 26.0 15.0 15.0 26.0 26.0 19.0 19.0 24.0 24.0 27.0 27.0 29.0 29.0 34.0 34.0 30.0 30.0 27.0 27.0 31.0 31.0 29.0 29.0 23.0 23.0 26.0 26.0 31.0 31.0 26.0 26.0 34.0 34.0 37.0 37.0 53.0 53.0 39.0 39.0 46.0 46.0 56.0 56.0 88.0 88.0 92.0 92.0 101.0 101.0 85.0 85.0 107.0 107.0 99.0 99.0 71.0 71.0 67.0 67.0 54.0 54.0 54.0 54.0 42.0 42.0 38.0 38.0 31.0 31.0 29.0 29.0 27.0 27.0 27.0 27.0 36.0 36.0 31.0 31.0 30.0 30.0 29.0 29.0 36.0 36.0 21.0 21.0 24.0 24.0 23.0 23.0 33.0 33.0 17.0 17.0 25.0 25.0 18.0 18.0 19.0 19.0 24.0 24.0 23.0 23.0 21.0 21.0 18.0 18.0 8.0 8.0 3.0 3.0
2.0 2.0 23.0 23.0 24.0 24.0 26.0 26.0 16.0 16.0 20.0 20.0 31.0 31.0 21.0 21.0 23.0 23.0 24.0 24.0 27.0 27.0 34.0 34.0 24.0 24.0 31.0 31.0 30.0 30.0 30.0 30.0 27.0 27.0 23.0 23.0 25.0 25.0 24.0 24.0 31.0 31.0 41.0 41.0 33.0 33.0 54.0 54.0 55.0 55.0 59.0 59.0 67.0 67.0 78.0 78.0 85.0 85.0 101.0 101.0 133.0 133.0 155.0 155.0 128.0 128.0 137.0 137.0 110.0 110.0 87.0 87.0 74.0 74.0 62.0 62.0 37.0 37.0 44.0 44.0 46.0 46.0 48.0 48.0 46.0 46.0 28.0 28.0 22.0 22.0 33.0 33.0 38.0 38.0 27.0 27.0 25.0 25.0 22.0 22.0 25.0 25.0 32.0 32.0 19.0 19.0 22.0 22.0 30.0 30.0 21.0 21.0 23.0 23.0 22.0 22.0 19.0 19.0 26.0 26.0 19.0 19.0 23.0 23.0 13.0 13.0 2.0 2.0
2.0 2.0 23.0 23.0 24.0 24.0 26.0 26.0 16.0 16.0 20.0 20.0 31.0 31.0 21.0 21.0 23.0 23.0 24.0 24.0 27.0 27.0 34.0 34.0 24.0 24.0 31.0 31.0 30.0 30.0 30.0 30.0 27.0 27.0 23.0 23.0 25.0 25.0 24.0 24.0 31.0 31.0 41.0 41.0 33.0 33.0 54.0 54.0 55.0 55.0 59.0 59.0 67.0 67.0 78.0 78.0 85.0 85.0 101.0 101.0 133.0 133.0 155.0 155.0 128.0 128.0 137.0 137.0 110.0 110.0 87.0 87.0 74.0 74.0 62.0 62.0 37.0 37.0 44.0 44.0 46.0 46.0 48.0 48.0 46.0 46.0 28.0 28.0 22.0 22.0 33.0 33.0 38.0 38.0 27.0 27.0 25.0 25.0 22.0 22.0 25.0 25.0 32.0 32.0 19.0 19.0 22.0 22.0 30.0 30.0 21.0 21.0 23.0 23.0 22.0 22.0 19.0 19.0 26.0 26.0 19.0 19.0 23.0 23.0 13.0 13.0 2.0 2.0
3.0 3.0 25.0 25.0 26.0 26.0 14.0 14.0 14.0 14.0 21.0 21.0 27.0 27.0 26.0 26.0 13.0 13.0 22.0 22.0 21.0 21.0 23.0 23.0 21.0 21.0 18.0 18.0 30.0 30.0 34.0 34.0 23.0 23.0 32.0 32.0 30.0 30.0 39.0 39.0 25.0 25.0 22.0 22.0 40.0 40.0 31.0 31.0 38.0 38.0 55.0 55.0 70.0 70.0 58.0 58.0 87.0 87.0 118.0 118.0 147.0 147.0 142.0 142.0 142.0 142.0 149.0 149.0 134.0 134.0 131.0 131.0 91.0 91.0 63.0 63.0 52.0 52.0 45.0 45.0 54.0 54.0 52.0 52.0 39.0 39.0 30.0 30.0 36.0 36.0 29.0 29.0 35.0 35.0 27.0 27.0 25.0 25.0 27.0 27.0 23.0 23.0 35.0 35.0 29.0 29.0 17.0 17.0 21.0 21.0 24.0 24.0 26.0 26.0 21.0 21.0 24.0 24.0 24.0 24.0 13.0 13.0 24.0 24.0 20.0 20.0 4.0 4.0
3.0 3.0 25.0 25.0 26.0 26.0 14.0 14.0 14.0 14.0 21.0 21.0 27.0 27.0 26.0 26.0 13.0 13.0 22.0 22.0 21.0 21.0 23.0 23.0 21.0 21.0 18.0 18.0 30.0 30.0 34.0 34.0 23.0 23.0 32.0 32.0 30.0 30.0 39.0 39.0 25.0 25.0 22.0 22.0 40.0 40.0 31.0 31.0 38.0 38.0 55.0 55.0 70.0 70.0 58.0 58.0 87.0 87.0 118.0 118.0 147.0 147.0 142.0 142.0 142.0 142.0 149.0 149.0 134.0 134.0 131.0 131.0 91.0 91.0 63.0 63.0 52.0 52.0 45.0 45.0 54.0 54.0 52.0 52.0 39.0 39.0 30.0 30.0 36.0 36.0 29.0 29.0 35.0 35.0 27.0 27.0 25.0 25.0 27.0 27.0 23.0 23.0 35.0 35.0 29.0 29.0 17.0 17.0 21.0 21.0 24.0 24.0 26.0 26.0 21.0 21.0 24.0 24.0 24.0 24.0 13.0 13.0 24.0 24.0 20.0 20.0 4.0 4.0
6.0 6.0 30.0 30.0 27.0 27.0 27.0 27.0 38.0 38.0 16.0 16.0 21.0 21.0 29.0 29.0 18.0 18.0 19.0 19.0 31.0 31.0 25.0 25.0 20.0 20.0 30.0 30.0 42.0 42.0 34.0 34.0 35.0 35.0 31.0 31.0 32.0 32.0 39.0 39.0 37.0 37.0 32.0 32.0 39.0 39.0 47.0 47.0 35.0 35.0 55.0 55.0 77.0 77.0 80.0 80.0 88.0 88.0 150.0 150.0 143.0 143.0 163.0 163.0 168.0 168.0 134.0 134.0 143.0 143.0 102.0 102.0 80.0 80.0 68.0 68.0 72.0 72.0 41.0 41.0 49.0 49.0 36.0 36.0 46.0 46.0 41.0 41.0 40.0 40.0 42.0 42.0 28.0 28.0 34.0 34.0 34.0 34.0 33.0 33.0 29.0 29.0 18.0 18.0 23.0 23.0 30.0 30.0 22.0 22.0 28.0 28.0 22.0 22.0 23.0 23.0 26.0 26.0 14.0 14.0 15.0 15.0 22.0 22.0 35.0 35.0 4.0 4.0
6.0 6.0 30.0 30.0 27.0 27.0 27.0 27.0 38.0 38.0 16.0 16.0 21.0 21.0 29.0 29.0 18.0 18.0 19.0 19.0 31.0 31.0 25.0 25.0 20.0 20.0 30.0 30.0 42.0 42.0 34.0 34.0 35.0 35.0 31.0 31.0 32.0 32.0 39.0 39.0 37.0 37.0 32.0 32.0 39.0 39.0 47.0 47.0 35.0 35.0 55.0 55.0 77.0 77.0 80.0 80.0 88.0 88.0 150.0 150.0 143.0 143.0 163.0 163.0 168.0 168.0 134.0 134.0 143.0 143.0 102.0 102.0 80.0 80.0 68.0 68.0 72.0 72.0 41.0 41.0 49.0 49.0 36.0 36.0 46.0 46.0 41.0 41.0 40.0 40.0 42.0 42.0 28.0 28.0 34.0 34.0 34.0 34.0 33.0 33.0 29.0 29.0 18.0 18.0 23.0 23.0 30.0 30.0 22.0 22.0 28.0 28.0 22.0 22.0 23.0 23.0 26.0 26.0 14.0 14.0 15.0 15.0 22.0 22.0 35.0 35.0 4.0 4.0
4.0 4.0 19.0 19.0 27.0 27.0 26.0 26.0 33.0 33.0 26.0 26.0 23.0 23.0 27.0 27.0 28.0 28.0 34.0 34.0 27.0 27.0 25.0 25.0 30.0 30.0 31.0 31.0 38.0 38.0 32.0 32.0 33.0 33.0 35.0 35.0 46.0 46.0 42.0 42.0 29.0 29.0 54.0 54.0 50.0 50.0 60.0 60.0 52.0 52.0 63.0 63.0 65.0 65.0 74.0 74.0 108.0 108.0 134.0 134.0 123.0 123.0 150.0 150.0 149.0 149.0 124.0 124.0 115.0 115.0 94.0 94.0 88.0 88.0 75.0 75.0 66.0 66.0 64.0 64.0 60.0 60.0 53.0 53.0 42.0 42.0 49.0 49.0 44.0 44.0 35.0 35.0 23.0 23.0 30.0 30.0 34.0 34.0 35.0 35.0 23.0 23.0 17.0 17.0 26.0 26.0 24.0 24.0 29.0 29.0 15.0 15.0 34.0 34.0 20.0 20.0 29.0 29.0 35.0 35.0 25.0 25.0 24.0 24.0 18.0 18.0 3.0 3.0
4.0 4.0 19.0 19.0 27.0 27.0 26.0 26.0 33.0 33.0 26.0 26.0 23.0 23.0 27.0 27.0 28.0 28.0 34.0 34.0 27.0 27.0 25.0 25.0 30.0 30.0 31.0 31.0 38.0 38.0 32.0 32.0 33.0 33.0 35.0 35.0 46.0 46.0 42.0 42.0 29.0 29.0 54.0 54.0 50.0 50.0 60.0 60.0 52.0 52.0 63.0 63.0 65.0 65.0 74.0 74.0 108.0 108.0 134.0 134.0 123.0 123.0 150.0 150.0 149.0 149.0 124.0 124.0 115.0 115.0 94.0 94.0 88.0 88.0 75.0 75.0 66.0 66.0 64.0 64.0 60.0 60.0 53.0 53.0 42.0 42.0 49.0 49.0 44.0 44.0 35.0 35.0 23.0 23.0 30.0 30.0 34.0 34.0 35.0 35.0 23.0 23.0 17.0 17.0 26.0 26.0 24.0 24.0 29.0 29.0 15.0 15.0 34.0 34.0 20.0 20.0 29.0 29.0 35.0 35.0 25.0 25.0 24.0 24.0 18.0 18.0 3.0 3.0
8.0 8.0 21.0 21.0 22.0 22.0 24.0 24.0 24.0 24.0 29.0 29.0 19.0 19.0 22.0 22.0 21.0 21.0 24.0 24.0 22.0 22.0 27.0 27.0 34.0 34.0 37.0 37.0 27.0 27.0 44.0 44.0 37.0 37.0 42.0 42.0 42.0 42.0 38.0 38.0 56.0 56.0 43.0 43.0 64.0 64.0 62.0 62.0 58.0 58.0 82.0 82.0 79.0 79.0 86.0 86.0 100.0 100.0 126.0 126.0 120.0 120.0 109.0 109.0 128.0 128.0 125.0 125.0 114.0 114.0 92.0 92.0 110.0 110.0 96.0 96.0 78.0 78.0 68.0 68.0 45.0 45.0 40.0 40.0 45.0 45.0 30.0 30.0 49.0 49.0 26.0 26.0 39.0 39.0 36.0 36.0 44.0 44.0 20.0 20.0 32.0 32.0 15.0 15.0 38.0 38.0 24.0 24.0 25.0 25.0 36.0 36.0 26.0 26.0 32.0 32.0 16.0 16.0 20.0 20.0 19.0 19.0 17.0 17.0 19.0 19.0 3.0 3.0
8.0 8.0 21.0 21.0 22.0 22.0 24.0 24.0 24.0 24.0 29.0 29.0 19.0 19.0 22.0 22.0 21.0 21.0 24.0 24.0 22.0 22.0 27.0 27.0 34.0 34.0 37.0 37.0 27.0 27.0 44.0 44.0 37.0 37.0 42.0 42.0 42.0 42.0 38.0 38.0 56.0 56.0 43.0 43.0 64.0 64.0 62.0 62.0 58.0 58.0 82.0 82.0 79.0 79.0 86.0 86.0 100.0 100.0 126.0 126.0 120.0 120.0 109.0 109.0 128.0 128.0 125.0 125.0 114.0 114.0 92.0 92.0 110.0 110.0 96.0 96.0 78.0 78.0 68.0 68.0 45.0 45.0 40.0 40.0 45.0 45.0 30.0 30.0 49.0 49.0 26.0 26.0 39.0 39.0 36.0 36.0 44.0 44.0 20.0 20.0 32.0 32.0 15.0 15.0 38.0 38.0 24.0 24.0 25.0 25.0 36.0 36.0 26.0 26.0 32.0 32.0 16.0 16.0 20.0 20.0 19.0 19.0 17.0 17.0 19.0 19.0 3.0 3.0
4.0 4.0 11.0 11.0 25.0 25.0 15.0 15.0 22.0 22.0 26.0 26.0 15.0 15.0 29.0 29.0 21.0 21.0 39.0 39.0 35.0 35.0 22.0 22.0 39.0 39.0 40.0 40.0 34.0 34.0 39.0 39.0 44.0 44.0 49.0 49.0 45.0 45.0 40.0 40.0 42.0 42.0 66.0 66.0 70.0 70.0 60.0 60.0 71.0 71.0 90.0 90.0 92.0 92.0 93.0 93.0 94.0 94.0 100.0 100.0 96.0 96.0 116.0 116.0 115.0 115.0 116.0 116.0 107.0 107.0 97.0 97.0 94.0 94.0 90.0 90.0 77.0 77.0 82.0 82.0 64.0 64.0 58.0 58.0 60.0 60.0 41.0 41.0 52.0 52.0 47.0 47.0 38.0 38.0 37.0 37.0 40.0 40.0 33.0 33.0 28.0 28.0 36.0 36.0 24.0 24.0 26.0 26.0 20.0 20.0 30.0 30.0 36.0 36.0 24.0 24.0 30.0 30.0 23.0 23.0 23.0 23.0 25.0 25.0 22.0 22.0 2.0 2.0
4.0 4.0 11.0 11.0 25.0 25.0 15.0 15.0 22.0 22.0 26.0 26.0 15.0 15.0 29.0 29.0 21.0 21.0 39.0 39.0 35.0 35.0 22.0 22.0 39.0 39.0 40.0 40.0 34.0 34.0 39.0 39.0 44.0 44.0 49.0 49.0 45.0 45.0 40.0 40.0 42.0 42.0 66.0 66.0 70.0 70.0 60.0 60.0 71.0 71.0 90.0 90.0 92.0 92.0 93.0 93.0 94.0 94.0 100.0 100.0 96.0 96.0 116.0 116.0 115.0 115.0 116.0 116.0 107.0 107.0 97.0 97.0 94.0 94.0 90.0 90.0 77.0 77.0 82.0 82.0 64.0 64.0 58.0 58.0 60.0 60.0 41.0 41.0 52.0 52.0 47.0 47.0 38.0 38.0 37.0 37.0 40.0 40.0 33.0 33.0 28.0 28.0 36.0 36.0 24.0 24.0 26.0 26.0 20.0 20.0 30.0 30.0 36.0 36.0 24.0 24.0 30.0 30.0 23.0 23.0 23.0 23.0 25.0 25.0 22.0 22.0 2.0 2.0
5.0 5.0 28.0 28.0 17.0 17.0 12.0 12.0 20.0 20.0 19.0 19.0 23.0 23.0 16.0 16.0 18.0 18.0 22.0 22.0 32.0 32.0 30.0 30.0 39.0 39.0 28.0 28.0 37.0 37.0 41.0 41.0 54.0 54.0 50.0 50.0 43.0 43.0 53.0 53.0 59.0 59.0 59.0 59.0 68.0 68.0 88.0 88.0 68.0 68.0 84.0 84.0 96.0 96.0 109.0 109.0 127.0 127.0 102.0 102.0 124.0 124.0 129.0 129.0 101.0 101.0 111.0 111.0 105.0 105.0 96.0 96.0 131.0 131.0 102.0 102.0 101.0 101.0 77.0 77.0 74.0 74.0 79.0 79.0 58.0 58.0 70.0 70.0 52.0 52.0 56.0 56.0 55.0 55.0 31.0 31.0 44.0 44.0 44.0 44.0 52.0 52.0 41.0 41.0 32.0 32.0 39.0 39.0 31.0 31.0 27.0 27.0 26.0 26.0 28.0 28.0 20.0 20.0 16.0 16.0 27.0 27.0 25.0 25.0 27.0 27.0 2.0 2.0
5.0 5.0 28.0 28.0 17.0 17.0 12.0 12.0 20.0 20.0 19.0 19.0 23.0 23.0 16.0 16.0 18.0 18.0 22.0 22.0 32.0 32.0 30.0 30.0 39.0 39.0 28.0 28.0 37.0 37.0 41.0 41.0 54.0 54.0 50.0 50.0 43.0 43.0 53.0 53.0 59.0 59.0 59.0 59.0 68.0 68.0 88.0 88.0 68.0 68.0 84.0 84.0 96.0 96.0 109.0 109.0 127.0 127.0 102.0 102.0 124.0 124.0 129.0 129.0 101.0 101.0 111.0 111.0 105.0 105.0 96.0 96.0 131.0 131.0 102.0 102.0 101.0 101.0 77.0 77.0 74.0 74.0 79.0 79.0 58.0 58.0 70.0 70.0 52.0 52.0 56.0 56.0 55.0 55.0 31.0 31.0 44.0 44.0 44.0 44.0 52.0 52.0 41.0 41.0 32.0 32.0 39.0 39.0 31.0 31.0 27.0 27.0 26.0 26.0 28.0 28.0 20.0 20.0 16.0 16.0 27.0 27.0 25.0 25.0 27.0 27.0 2.0 2.0
4.0 4.0 28.0 28.0 21.0 21.0 19.0 19.0 30.0 30.0 25.0 25.0 31.0 31.0 32.0 32.0 29.0 29.0 28.0 28.0 40.0 40.0 29.0 29.0 38.0 38.0 41.0 41.0 42.0 42.0 39.0 39.0 58.0 58.0 35.0 35.0 57.0 57.0 57.0 57.0 74.0 74.0 85.0 85.0 99.0 99.0 93.0 93.0 91.0 91.0 108.0 108.0 122.0 122.0 136.0 136.0 128.0 128.0 132.0 132.0 115.0 115.0 140.0 140.0 120.0 120.0 130.0 130.0 123.0 123.0 111.0 111.0 124.0 124.0 129.0 129.0 126.0 126.0 104.0 104.0 104.0 104.0 106.0 106.0 94.0 94.0 67.0 67.0 62.0 62.0 57.0 57.0 51.0 51.0 38.0 38.0 48.0 48.0 39.0 39.0 37.0 37.0 51.0 51.0 40.0 40.0 27.0 27.0 38.0 38.0 31.0 31.0 32.0 32.0 27.0 27.0 30.0 30.0 24.0 24.0 21.0 21.0 25.0 25.0 21.0 21.0 3.0 3.0
4.0 4.0 28.0 28.0 21.0 21.0 19.0 19.0 30.0 30.0 25.0 25.0 31.0 31.0 32.0 32.0 29.0 29.0 28.0 28.0 40.0 40.0 29.0 29.0 38.0 38.0 41.0 41.0 42.0 42.0 39.0 39.0 58.0 58.0 35.0 35.0 57.0 57.0 57.0 57.0 74.0 74.0 85.0 85.0 99.0 99.0 93.0 93.0 91.0 91.0 108.0 108.0 122.0 122.0 136.0 136.0 128.0 128.0 132.0 132.0 115.0 115.0 140.0 140.0 120.0 120.0 130.0 130.0 123.0 123.0 111.0 111.0 124.0 124.0 129.0 129.0 126.0 126.0 104.0 104.0 104.0 104.0 106.0 106.0 94.0 94.0 67.0 67.0 62.0 62.0 57.0 57.0 51.0 51.0 38.0 38.0 48.0 48.0 39.0 39.0 37.0 37.0 51.0 51.0 40.0 40.0 27.0 27.0 38.0 38.0 31.0 31.0 32.0 32.0 27.0 27.0 30.0 30.0 24.0 24.0 21.0 21.0 25.0 25.0 21.0 21.0 3.0 3.0
7.0 7.0 15.0 15.0 24.0 24.0 25.0 25.0 17.0 17.0 23.0 23.0 19.0 19.0 24.0 24.0 36.0 36.0 41.0 41.0 43.0 43.0 47.0 47.0 42.0 42.0 33.0 33.0 49.0 49.0 57.0 57.0 66.0 66.0 50.0 50.0 67.0 67.0 79.0 79.0 91.0 91.0 101.0 101.0 94.0 94.0 129.0 129.0 157.0 157.0 152.0 152.0 146.0 146.0 186.0 186.0 173.0 173.0 162.0 162.0 178.0 178.0 174.0 174.0 173.0 173.0 150.0 150.0 177.0 177.0 164.0 164.0 191.0 191.0 134.0 134.0 158.0 158.0 139.0 139.0 133.0 133.0 106.0 106.0 103.0 103.0 99.0 99.0 67.0 67.0 69.0 69.0 77.0 77.0 64.0 64.0 44.0 44.0 46.0 46.0 38.0 38.0 49.0 49.0 44.0 44.0 27.0 27.0 37.0 37.0 44.0 44.0 29.0 29.0 33.0 33.0 21.0 21.0 31.0 31.0 16.0 16.0 23.0 23.0 22.0 22.0 0.0 0.0
7.0 7.0 15.0 15.0 24.0 24.0 25.0 25.0 17.0 17.0 23.0 23.0 19.0 19.0 24.0 24.0 36.0 36.0 41.0 41.0 43.0 43.0 47.0 47.0 42.0 42.0 33.0 33.0 49.0 49.0 57.0 57.0 66.0 66.0 50.0 50.0 67.0 67.0 79.0 79.0 91.0 91.0 101.0 101.0 94.0 94.0 129.0 129.0 157.0 157.0 152.0 152.0 146.0 146.0 186.0 186.0 173.0 173.0 162.0 162.0 178.0 178.0 174.0 174.0 173.0 173.0 150.0 150.0 177.0 177.0 164.0 164.0 191.0 191.0 134.0 134.0 158.0 158.0 139.0 139.0 133.0 133.0 106.0 106.0 103.0 103.0 99.0 99.0 67.0 67.0 69.0 69.0 77.0 77.0 64.0 64.0 44.0 44.0 46.0 46.0 38.0 38.0 49.0 49.0 44.0 44.0 27.0 27.0 37.0 37.0 44.0 44.0 29.0 29.0 33.0 33.0 21.0 21.0 31.0 31.0 16.0 16.0 23.0 23.0 22.0 22.0 0.0 0.0
6.0 6.0 27.0 27.0 28.0 28.0 26.0 26.0 24.0 24.0 36.0 36.0 40.0 40.0 39.0 39.0 44.0 44.0 41.0 41.0 47.0 47.0 57.0 57.0 41.0 41.0 47.0 47.0 57.0 57.0 58.0 58.0 46.0 46.0 73.0 73.0 85.0 85.0 95.0 95.0 102.0 102.0 93.0 93.0 115.0 115.0 183.0 183.0 152.0 152.0 215.0 215.0 217.0 217.0 234.0 234.0 180.0 180.0 214.0 214.0 236.0 236.0 196.0 196.0 207.0 207.0 217.0 217.0 212.0 212.0 224.0 224.0 227.0 227.0 241.0 241.0 230.0 230.0 189.0 189.0 158.0 158.0 144.0 144.0 133.0 133.0 97.0 97.0 102.0 102.0 90.0 90.0 73.0 73.0 59.0 59.0 63.0 63.0 67.0 67.0 58.0 58.0 37.0 37.0 51.0 51.0 53.0 53.0 45.0 45.0 43.0 43.0 34.0 34.0 31.0 31.0 28.0 28.0 34.0 34.0 35.0 35.0 17.0 17.0 21.0 21.0 2.0 2.0
6.0 6.0 27.0 27.0 28.0 28.0 26.0 26.0 24.0 24.0 36.0 36.0 40.0 40.0 39.0 39.0 44.0 44.0 41.0 41.0 47.0 47.0 57.0 57.0 41.0 41.0 47.0 47.0 57.0 57.0 58.0 58.0 46.0 46.0 73.0 73.0 85.0 85.0 95.0 95.0 102.0 102.0 93.0 93.0 115.0 115.0 183.0 183.0 152.0 152.0 215.0 215.0 217.0 217.0 234.0 234.0 180.0 180.0 214.0 214.0 236.0 236.0 196.0 196.0 207.0 207.0 217.0 217.0 212.0 212.0 224.0 224.0 227.0 227.0 241.0 241.0 230.0 230.0 189.0 189.0 158.0 158.0 144.0 144.0 133.0 133.0 97.0 97.0 102.0 102.0 90.0 90.0 73.0 73.0 59.0 59.0 63.0 63.0 67.0 67.0 58.0 58.0 37.0 37.0 51.0 51.0 53.0 53.0 45.0 45.0 43.0 43.0 34.0 34.0 31.0 31.0 28.0 28.0 34.0 34.0 35.0 35.0 17.0 17.0 21.0 21.0 2.0 2.0
8.0 8.0 18.0 18.0 18.0 18.0 26.0 26.0 29.0 29.0 34.0 34.0 38.0 38.0 42.0 42.0 49.0 49.0 62.0 62.0 68.0 68.0 64.0 64.0 65.0 65.0 62.0 62.0 72.0 72.0 70.0 70.0 67.0 67.0 62.0 62.0 109.0 109.0 108.0 108.0 140.0 140.0 180.0 180.0 230.0 230.0 234.0 234.0 259.0 259.0 315.0 315.0 312.0 312.0 346.0 346.0 265.0 265.0 315.0 315.0 265.0 265.0 262.0 262.0 247.0 247.0 271.0 271.0 295.0 295.0 286.0 286.0 312.0 312.0 315.0 315.0 311.0 311.0 278.0 278.0 268.0 268.0 220.0 220.0 219.0 219.0 151.0 151.0 112.0 112.0 96.0 96.0 83.0 83.0 70.0 70.0 69.0 69.0 58.0 58.0 71.0 71.0 45.0 45.0 63.0 63.0 58.0 58.0 50.0 50.0 57.0 57.0 47.0 47.0 31.0 31.0 37.0 37.0 26.0 26.0 40.0 40.0 29.0 29.0 38.0 38.0 5.0 5.0
8.0 8.0 18.0 18.0 18.0 18.0 26.0 26.0 29.0 29.0 34.0 34.0 38.0 38.0 42.0 42.0 49.0 49.0 62.0 62.0 68.0 68.0 64.0 64.0 65.0 65.0 62.0 62.0 72.0 72.0 70.0 70.0 67.0 67.0 62.0 62.0 109.0 109.0 108.0 108.0 140.0 140.0 180.0 180.0 230.0 230.0 234.0 234.0 259.0 259.0 315.0 315.0 312.0 312.0 346.0 346.0 265.0 265.0 315.0 315.0 265.0 265.0 262.0 262.0 247.0 247.0 271.0 271.0 295.0 295.0 286.0 286.0 312.0 312.0 315.0 315.0 311.0 311.0 278.0 278.0 268.0 268.0 220.0 220.0 219.0 219.0 151.0 151.0 112.0 112.0 96.0 96.0 83.0 83.0 70.0 70.0 69.0 69.0 58.0 58.0 71.0 71.0 45.0 45.0 63.0 63.0 58.0 58.0 50.0 50.0 57.0 57.0 47.0 47.0 31.0 31.0 37.0 37.0 26.0 26.0 40.0 40.0 29.0 29.0 38.0 38.0 5.0 5.0
6.0 6.0 28.0 28.0 39.0 39.0 28.0 28.0 40.0 40.0 43.0 43.0 66.0 66.0 54.0 54.0 64.0 64.0 94.0 94.0 77.0 77.0 65.0 65.0 88.0 88.0 67.0 67.0 82.0 82.0 102.0 102.0 85.0 85.0 112.0 112.0 117.0 117.0 136.0 136.0 174.0 174.0 240.0 240.0 293.0 293.0 345.0 345.0 387.0 387.0 403.0 403.0 408.0 408.0 416.0 416.0 357.0 357.0 327.0 327.0 334.0 334.0 320.0 320.0 310.0 310.0 309.0 309.0 350.0 350.0 316.0 316.0 353.0 353.0 442.0 442.0 431.0 431.0 417.0 417.0 391.0 391.0 312.0 312.0 287.0 287.0 187.0 187.0 183.0 183.0 149.0 149.0 127.0 127.0 92.0 92.0 97.0 97.0 73.0 73.0 86.0 86.0 65.0 65.0 61.0 61.0 69.0 69.0 66.0 66.0 90.0 90.0 60.0 60.0 57.0 57.0 53.0 53.0 37.0 37.0 28.0 28.0 33.0 33.0 22.0 22.0 7.0 7.0
6.0 6.0 28.0 28.0 39.0 39.0 28.0 28.0 40.0 40.0 43.0 43.0 66.0 66.0 54.0 54.0 64.0 64.0 94.0 94.0 77.0 77.0 65.0 65.0 88.0 88.0 67.0 67.0 82.0 82.0 102.0 102.0 85.0 85.0 112.0 112.0 117.0 117.0 136.0 136.0 174.0 174.0 240.0 240.0 293.0 293.0 345.0 345.0 387.0 387.0 403.0 403.0 408.0 408.0 416.0 416.0 357.0 357.0 327.0 327.0 334.0 334.0 320.0 320.0 310.0 310.0 309.0 309.0 350.0 350.0 316.0 316.0 353.0 353.0 442.0 442.0 431.0 431.0 417.0 417.0 391.0 391.0 312.0 312.0 287.0 287.0 187.0 187.0 183.0 183.0 149.0 149.0 127.0 127.0 92.0 92.0 97.0 97.0 73.0 73.0 86.0 86.0 65.0 65.0 61.0 61.0 69.0 69.0 66.0 66.0 90.0 90.0 60.0 60.0 57.0 57.0 53.0 53.0 37.0 37.0 28.0 28.0 33.0 33.0 22.0 22.0 7.0 7.0
11.0 11.0 21.0 21.0 21.0 21.0 37.0 37.0 46.0 46.0 85.0 85.0 78.0 78.0 97.0 97.0 98.0 98.0 101.0 101.0 98.0 98.0 70.0 70.0 69.0 69.0 71.0 71.0 79.0 79.0 99.0 99.0 133.0 133.0 136.0 136.0 176.0 176.0 216.0 216.0 295.0 295.0 375.0 375.0 516.0 516.0 650.0 650.0 733.0 733.0 663.0 663.0 585.0 585.0 511.0 511.0 468.0 468.0 406.0 406.0 349.0 349.0 331.0 331.0 354.0 354.0 382.0 382.0 403.0 403.0 404.0 404.0 445.0 445.0 573.0 573.0 647.0 647.0 693.0 693.0 682.0 682.0 614.0 614.0 412.0 412.0 305.0 305.0 253.0 253.0 191.0 191.0 135.0 135.0 110.0 110.0 112.0 112.0 122.0 122.0 81.0 81.0 73.0 73.0 75.0 75.0 74.0 74.0 102.0 102.0 87.0 87.0 110.0 110.0 89.0 89.0 77.0 77.0 71.0 71.0 36.0 36.0 31.0 31.0 34.0 34.0 7.0 7.0
11.0 11.0 21.0 21.0 21.0 21.0 37.0 37.0 46.0 46.0 85.0 85.0 78.0 78.0 97.0 97.0 98.0 98.0 101.0 101.0 98.0 98.0 70.0 70.0 69.0 69.0 71.0 71.0 79.0 79.0 99.0 99.0 133.0 133.0 136.0 136.0 176.0 176.0 216.0 216.0 295.0 295.0 375.0 375.0 516.0 516.0 650.0 650.0 733.0 733.0 663.0 663.0 585.0 585.0 511.0 511.0 468.0 468.0 406.0 406.0 349.0 349.0 331.0 331.0 354.0 354.0 382.0 382.0 403.0 403.0 404.0 404.0 445.0 445.0 573.0 573.0 647.0 647.0 693.0 693.0 682.0 682.0 614.0 614.0 412.0 412.0 305.0 305.0 253.0 253.0 191.0 191.0 135.0 135.0 110.0 110.0 112.0 112.0 122.0 122.0 81.0 81.0 73.0 73.0 75.0 75.0 74.0 74.0 102.0 102.0 87.0 87.0 110.0 110.0 89.0 89.0 77.0 77.0 71.0 71.0 36.0 36.0 31.0 31.0 34.0 34.0 7.0 7.0
9.0 9.0 22.0 22.0 32.0 32.0 41.0 41.0 67.0 67.0 100.0 100.0 121.0 121.0 122.0 122.0 108.0 108.0 132.0 132.0 98.0 98.0 90.0 90.0 84.0 84.0 99.0 99.0 106.0 106.0 134.0 134.0 142.0 142.0 169.0 169.0 183.0 183.0 303.0 303.0 417.0 417.0 673.0 673.0 994.0 994.0 1229.0 1229.0 1359.0 1359.0 1105.0 1105.0 970.0 970.0 690.0 690.0 565.0 565.0 443.0 443.0 392.0 392.0 342.0 342.0 329.0 329.0 393.0 393.0 399.0 399.0 484.0 484.0 591.0 591.0 704.0 704.0 1044.0 1044.0 1254.0 1254.0 1435.0 1435.0 1224.0 1224.0 893.0 893.0 571.0 571.0 365.0 365.0 233.0 233.0 221.0 221.0 141.0 141.0 128.0 128.0 100.0 100.0 92.0 92.0 94.0 94.0 87.0 87.0 96.0 96.0 99.0 99.0 120.0 120.0 133.0 133.0 125.0 125.0 111.0 111.0 84.0 84.0 56.0 56.0 48.0 48.0 36.0 36.0 9.0 9.0
9.0 9.0 22.0 22.0 32.0 32.0 41.0 41.0 67.0 67.0 100.0 100.0 121.0 121.0 122.0 122.0 108.0 108.0 132.0 132.0 98.0 98.0 90.0 90.0 84.0 84.0 99.0 99.0 106.0 106.0 134.0 134.0 142.0 142.0 169.0 169.0 183.0 183.0 303.0 303.0 417.0 417.0 673.0 673.0 994.0 994.0 1229.0 1229.0 1359.0 1359.0 1105.0 1105.0 970.0 970.0 690.0 690.0 565.0 565.0 443.0 443.0 392.0 392.0 342.0 342.0 329.0 329.0 393.0 393.0 399.0 399.0 484.0 484.0 591.0 591.0 704.0 704.0 1044.0 1044.0 1254.0 1254.0 1435.0 1435.0 1224.0 1224.0 893.0 893.0 571.0 571.0 365.0 365.0 233.0 233.0 221.0 221.0 141.0 141.0 128.0 128.0 100.0 100.0 92.0 92.0 94.0 94.0 87.0 87.0 96.0 96.0 99.0 99.0 120.0 120.0 133.0 133.0 125.0 125.0 111.0 111.0 84.0 84.0 56.0 56.0 48.0 48.0 36.0 36.0 9.0 9.0
5.0 5.0 40.0 40.0 46.0 46.0 57.0 57.0 93.0 93.0 114.0 114.0 172.0 172.0 180.0 180.0 152.0 152.0 195.0 195.0 128.0 128.0 102.0 102.0 109.0 109.0 123.0 123.0 128.0 128.0 147.0 147.0 196.0 196.0 221.0 221.0 295.0 295.0 489.0 489.0 796.0 796.0 1365.0 1365.0 2166.0 2166.0 2800.0 2800.0 2768.0 2768.0 2172.0 2172.0 1372.0 1372.0 871.0 871.0 577.0 577.0 484.0 484.0 373.0 373.0 402.0 402.0 370.0 370.0 407.0 407.0 371.0 371.0 476.0 476.0 603.0 603.0 967.0 967.0 1464.0 1464.0 2387.0 2387.0 2878.0 2878.0 2739.0 2739.0 1876.0 1876.0 1137.0 1137.0 659.0 659.0 421.0 421.0 286.0 286.0 197.0 197.0 160.0 160.0 122.0 122.0 98.0 98.0 105.0 105.0 93.0 93.0 102.0 102.0 127.0 127.0 149.0 149.0 183.0 183.0 168.0 168.0 149.0 149.0 134.0 134.0 65.0 65.0 41.0 41.0 45.0 45.0 15.0 15.0
5.0 5.0 40.0 40.0 46.0 46.0 57.0 57.0 93.0 93.0 114.0 114.0 172.0 172.0 180.0 180.0 152.0 152.0 195.0 195.0 128.0 128.0 102.0 102.0 109.0 109.0 123.0 123.0 128.0 128.0 147.0 147.0 196.0 196.0 221.0 221.0 295.0 295.0 489.0 489.0 796.0 796.0 1365.0 1365.0 2166.0 2166.0 2800.0 2800.0 2768.0 2768.0 2172.0 2172.0 1372.0 1372.0 871.0 871.0 577.0 577.0 484.0 484.0 373.0 373.0 402.0 402.0 370.0 370.0 407.0 407.0 371.0 371.0 476.0 476.0 603.0 603.0 967.0 967.0 1464.0 1464.0 2387.0 2387.0 2878.0 2878.0 2739.0 2739.0 1876.0 1876.0 1137.0 1137.0 659.0 659.0 421.0 421.0 286.0 286.0 197.0 197.0 160.0 160.0 122.0 122.0 98.0 98.0 105.0 105.0 93.0 93.0 102.0 102.0 127.0 127.0 149.0 149.0 183.0 183.0 168.0 168.0 149.0 149.0 134.0 134.0 65.0 65.0 41.0 41.0 45.0 45.0 15.0 15.0
19.0 19.0 31.0 31.0 56.0 56.0 84.0 84.0 128.0 128.0 155.0 155.0 216.0 216.0 168.0 168.0 163.0 163.0 171.0 171.0 135.0 135.0 103.0 103.0 125.0 125.0 112.0 112.0 139.0 139.0 186.0 186.0 224.0 224.0 296.0 296.0 415.0 415.0 698.0 698.0 1293.0 1293.0 2210.0 2210.0 3517.0 3517.0 4458.0 4458.0 4088.0 4088.0 2670.0 2670.0 1508.0 1508.0 827.0 827.0 527.0 527.0 410.0 410.0 335.0 335.0 332.0 332.0 315.0 315.0 325.0 325.0 366.0 366.0 410.0 410.0 551.0 551.0 887.0 887.0 1770.0 1770.0 3054.0 3054.0 4542.0 4542.0 4401.0 4401.0 3399.0 3399.0 1935.0 1935.0 1123.0 1123.0 604.0 604.0 358.0 358.0 260.0 260.0 215.0 215.0 179.0 179.0 127.0 127.0 110.0 110.0 101.0 101.0 93.0 93.0 117.0 117.0 161.0 161.0 193.0 193.0 217.0 217.0 202.0 202.0 135.0 135.0 118.0 118.0 67.0 67.0 42.0 42.0 10.0 10.0
19.0 19.0 31.0 31.0 56.0 56.0 84.0 84.0 128.0 128.0 155.0 155.0 216.0 216.0 168.0 168.0 163.0 163.0 171.0 171.0 135.0 135.0 103.0 103.0 125.0 125.0 112.0 112.0 139.0 139.0 186.0 186.0 224.0 224.0 296.0 296.0 415.0 415.0 698.0 698.0 1293.0 1293.0 2210.0 2210.0 3517.0 3517.0 4458.0 4458.0 4088.0 4088.0 2670.0 2670.0 1508.0 1508.0 827.0 827.0 527.0 527.0 410.0 410.0 335.0 335.0 332.0 332.0 315.0 315.0 325.0 325.0 366.0 366.0 410.0 410.0 551.0 551.0 887.0 887.0 1770.0 1770.0 3054.0 3054.0 4542.0 4542.0 4401.0 4401.0 3399.0 3399.0 1935.0 1935.0 1123.0 1123.0 604.0 604.0 358.0 358.0 260.0 260.0 215.0 215.0 179.0 179.0 127.0 127.0 110.0 110.0 101.0 101.0 93.0 93.0 117.0 117.0 161.0 161.0 193.0 193.0 217.0 217.0 202.0 202.0 135.0 135.0 118.0 118.0 67.0 67.0 42.0 42.0 10.0 10.0
12.0 12.0 37.0 37.0 54.0 54.0 89.0 89.0 135.0 135.0 191.0 191.0 204.0 204.0 222.0 222.0 218.0 218.0 195.0 195.0 136.0 136.0 110.0 110.0 134.0 134.0 137.0 137.0 146.0 146.0 219.0 219.0 293.0 293.0 383.0 383.0 585.0 585.0 973.0 973.0 1715.0 1715.0 2887.0 2887.0 4235.0 4235.0 4774.0 4774.0 4125.0 4125.0 2439.0 2439.0 1190.0 1190.0 658.0 658.0 437.0 437.0 340.0 340.0 354.0 354.0 279.0 279.0 314.0 314.0 279.0 279.0 336.0 336.0 372.0 372.0 425.0 425.0 735.0 735.0 1479.0 1479.0 2875.0 2875.0 4451.0 4451.0 4863.0 4863.0 4045.0 4045.0 2515.0 2515.0 1492.0 1492.0 845.0 845.0 517.0 517.0 348.0 348.0 254.0 254.0 205.0 205.0 163.0 163.0 129.0 129.0 107.0 107.0 118.0 118.0 119.0 119.0 148.0 148.0 190.0 190.0 205.0 205.0 220.0 220.0 148.0 148.0 119.0 119.0 69.0 69.0 49.0 49.0 13.0 13.0
12.0 12.0 37.0 37.0 54.0 54.0 89.0 89.0 135.0 135.0 191.0 191.0 204.0 204.0 222.0 222.0 218.0 218.0 195.0 195.0 136.0 136.0 110.0 110.0 134.0 134.0 137.0 137.0 146.0 146.0 219.0 219.0 293.0 293.0 383.0 383.0 585.0 585.0 973.0 973.0 1715.0 1715.0 2887.0 2887.0 4235.0 4235.0 4774.0 4774.0 4125.0 4125.0 2439.0 2439.0 1190.0 1190.0 658.0 658.0 437.0 437.0 340.0 340.0 354.0 354.0 279.0 279.0 314.0 314.0 279.0 279.0 336.0 336.0 372.0 372.0 425.0 425.0 735.0 735.0 1479.0 1479.0 2875.0 2875.0 4451.0 4451.0 4863.0 4863.0 4045.0 4045.0 2515.0 2515.0 1492.0 1492.0 845.0 845.0 517.0 517.0 348.0 348.0 254.0 254.0 205.0 205.0 163.0 163.0 129.0 129.0 107.0 107.0 118.0 118.0 119.0 119.0 148.0 148.0 190.0 190.0 205.0 205.0 220.0 220.0 148.0 148.0 119.0 119.0 69.0 69.0 49.0 49.0 13.0 13.0
18.0 18.0 40.0 40.0 53.0 53.0 85.0 85.0 154.0 154.0 162.0 162.0 188.0 188.0 201.0 201.0 155.0 155.0 157.0 157.0 102.0 102.0 112.0 112.0 107.0 107.0 150.0 150.0 183.0 183.0 298.0 298.0 327.0 327.0 459.0 459.0 757.0 757.0 1124.0 1124.0 1675.0 1675.0 2538.0 2538.0 3229.0 3229.0 3418.0 3418.0 2661.0 2661.0 1635.0 1635.0 738.0 738.0 452.0 452.0 294.0 294.0 302.0 302.0 277.0 277.0 225.0 225.0 283.0 283.0 245.0 245.0 268.0 268.0 284.0 284.0 329.0 329.0 451.0 451.0 812.0 812.0 1659.0 1659.0 2896.0 2896.0 3330.0 3330.0 3125.0 3125.0 2239.0 2239.0 1507.0 1507.0 987.0 987.0 621.0 621.0 357.0 357.0 314.0 314.0 203.0 203.0 153.0 153.0 154.0 154.0 117.0 117.0 114.0 114.0 96.0 96.0 156.0 156.0 158.0 158.0 184.0 184.0 196.0 196.0 162.0 162.0 103.0 103.0 62.0 62.0 55.0 55.0 28.0 28.0
18.0 18.0 40.0 40.0 53.0 53.0 85.0 85.0 154.0 154.0 162.0 162.0 188.0 188.0 201.0 201.0 155.0 155.0 157.0 157.0 102.0 102.0 112.0 112.0 107.0 107.0 150.0 150.0 183.0 183.0 298.0 298.0 327.0 327.0 459.0 459.0 757.0 757.0 1124.0 1124.0 1675.0 1675.0 2538.0 2538.0 3229.0 3229.0 3418.0 3418.0 2661.0 2661.0 1635.0 1635.0 738.0 738.0 452.0 452.0 294.0 294.0 302.0 302.0 277.0 277.0 225.0 225.0 283.0 283.0 245.0 245.0 268.0 268.0 284.0 284.0 329.0 329.0 451.0 451.0 812.0 812.0 1659.0 1659.0 2896.0 2896.0 3330.0 3330.0 3125.0 3125.0 2239.0 2239.0 1507.0 1507.0 987.0 987.0 621.0 621.0 357.0 357.0 314.0 314.0 203.0 203.0 153.0 153.0 154.0 154.0 117.0 117.0 114.0 114.0 96.0 96.0 156.0 156.0 158.0 158.0 184.0 184.0 196.0 196.0 162.0 162.0 103.0 103.0 62.0 62.0 55.0 55.0 28.0 28.0
11.0 11.0 34.0 34.0 51.0 51.0 93.0 93.0 133.0 133.0 134.0 134.0 184.0 184.0 144.0 144.0 162.0 162.0 145.0 145.0 114.0 114.0 108.0 108.0 154.0 154.0 175.0 175.0 243.0 243.0 322.0 322.0 387.0 387.0 565.0 565.0 761.0 761.0 955.0 955.0 1178.0 1178.0 1500.0 1500.0 1676.0 1676.0 1550.0 1550.0 1168.0 1168.0 655.0 655.0 395.0 395.0 331.0 331.0 260.0 260.0 256.0 256.0 222.0 222.0 199.0 199.0 206.0 206.0 241.0 241.0 233.0 233.0 246.0 246.0 262.0 262.0 293.0 293.0 402.0 402.0 696.0 696.0 1168.0 1168.0 1621.0 1621.0 1665.0 1665.0 1393.0 1393.0 1238.0 1238.0 923.0 923.0 726.0 726.0 485.0 485.0 335.0 335.0 237.0 237.0 225.0 225.0 151.0 151.0 129.0 129.0 112.0 112.0 101.0 101.0 129.0 129.0 143.0 143.0 142.0 142.0 176.0 176.0 147.0 147.0 101.0 101.0 63.0 63.0 79.0 79.0 17.0 17.0
11.0 11.0 34.0 34.0 51.0 51.0 93.0 93.0 133.0 133.0 134.0 134.0 184.0 184.0 144.0 144.0 162.0 162.0 145.0 145.0 114.0 114.0 108.0 108.0 154.0 154.0 175.0 175.0 243.0 243.0 322.0 322.0 387.0 387.0 565.0 565.0 761.0 761.0 955.0 955.0 1178.0 1178.0 1500.0 1500.0 1676.0 1676.0 1550.0 1550.0 1168.0 1168.0 655.0 655.0 395.0 395.0 331.0 331.0 260.0 260.0 256.0 256.0 222.0 222.0 199.0 199.0 206.0 206.0 241.0 241.0 233.0 233.0 246.0 246.0 262.0 262.0 293.0 293.0 402.0 402.0 696.0 696.0 1168.0 1168.0 1621.0 1621.0 1665.0 1665.0 1393.0 1393.0 1238.0 1238.0 923.0 923.0 726.0 726.0 485.0 485.0 335.0 335.0 237.0 237.0 225.0 225.0 151.0 151.0 129.0 129.0 112.0 112.0 101.0 101.0 129.0 129.0 143.0 143.0 142.0 142.0 176.0 176.0 147.0 147.0 101.0 101.0 63.0 63.0 79.0 79.0 17.0 17.0
15.0 15.0 26.0 26.0 53.0 53.0 77.0 77.0 116.0 116.0 128.0 128.0 136.0 136.0 123.0 123.0 124.0 124.0 128.0 128.0 129.0 129.0 129.0 129.0 159.0 159.0 190.0 190.0 235.0 235.0 358.0 358.0 422.0 422.0 632.0 632.0 639.0 639.0 743.0 743.0 779.0 779.0 800.0 800.0 729.0 729.0 639.0 639.0 462.0 462.0 352.0 352.0 272.0 272.0 262.0 262.0 177.0 177.0 208.0 208.0 189.0 189.0 167.0 167.0 198.0 198.0 176.0 176.0 205.0 205.0 200.0 200.0 213.0 213.0 272.0 272.0 278.0 278.0 360.0 360.0 523.0 523.0 608.0 608.0 682.0 682.0 741.0 741.0 762.0 762.0 756.0 756.0 644.0 644.0 523.0 523.0 416.0 416.0 290.0 290.0 235.0 235.0 162.0 162.0 157.0 157.0 133.0 133.0 108.0 108.0 127.0 127.0 118.0 118.0 116.0 116.0 139.0 139.0 124.0 124.0 93.0 93.0 75.0 75.0 72.0 72.0 23.0 23.0
15.0 15.0 26.0 26.0 53.0 53.0 77.0 77.0 116.0 116.0 128.0 128.0 136.0 136.0 123.0 123.0 124.0 124.0 128.0 128.0 129.0 129.0 129.0 129.0 159.0 159.0 190.0 190.0 235.0 235.0 358.0 358.0 422.0 422.0 632.0 632.0 639.0 639.0 743.0 743.0 779.0 779.0 800.0 800.0 729.0 729.0 639.0 639.0 462.0 462.0 352.0 352.0 272.0 272.0 262.0 262.0 177.0 177.0 208.0 208.0 189.0 189.0 167.0 167.0 198.0 198.0 176.0 176.0 205.0 205.0 200.0 200.0 213.0 213.0 272.0 272.0 278.0 278.0 360.0 360.0 523.0 523.0 608.0 608.0 682.0 682.0 741.0 741.0 762.0 762.0 756.0 756.0 644.0 644.0 523.0 523.0 416.0 416.0 290.0 290.0 235.0 235.0 162.0 162.0 157.0 157.0 133.0 133.0 108.0 108.0 127.0 127.0 118.0 118.0 116.0 116.0 139.0 139.0 124.0 124.0 93.0 93.0 75.0 75.0 72.0 72.0 23.0 23.0
10.0 10.0 45.0 45.0 58.0 58.0 83.0 83.0 85.0 85.0 93.0 93.0 105.0 105.0 120.0 120.0 103.0 103.0 124.0 124.0 130.0 130.0 145.0 145.0 182.0 182.0 196.0 196.0 276.0 276.0 348.0 348.0 478.0 478.0 538.0 538.0 547.0 547.0 544.0 544.0 508.0 508.0 479.0 479.0 386.0 386.0 355.0 355.0 269.0 269.0 210.0 210.0 215.0 215.0 219.0 219.0 177.0 177.0 158.0 158.0 153.0 153.0 156.0 156.0 163.0 163.0 209.0 209.0 162.0 162.0 155.0 155.0 185.0 185.0 190.0 190.0 205.0 205.0 243.0 243.0 300.0 300.0 359.0 359.0 412.0 412.0 415.0 415.0 497.0 497.0 574.0 574.0 559.0 559.0 506.0 506.0 465.0 465.0 331.0 331.0 243.0 243.0 206.0 206.0 141.0 141.0 143.0 143.0 105.0 105.0 122.0 122.0 123.0 123.0 106.0 106.0 87.0 87.0 85.0 85.0 78.0 78.0 47.0 47.0 72.0 72.0 33.0 33.0
10.0 10.0 45.0 45.0 58.0 58.0 83.0 83.0 85.0 85.0 93.0 93.0 105.0 105.0 120.0 120.0 103.0 103.0 124.0 124.0 130.0 130.0 145.0 145.0 182.0 182.0 196.0 196.0 276.0 276.0 348.0 348.0 478.0 478.0 538.0 538.0 547.0 547.0 544.0 544.0 508.0 508.0 479.0 479.0 386.0 386.0 355.0 355.0 269.0 269.0 210.0 210.0 215.0 215.0 219.0 219.0 177.0 177.0 158.0 158.0 153.0 153.0 156.0 156.0 163.0 163.0 209.0 209.0 162.0 162.0 155.0 155.0 185.0 185.0 190.0 190.0 205.0 205.0 243.0 243.0 300.0 300.0 359.0 359.0 412.0 412.0 415.0 415.0 497.0 497.0 574.0 574.0 559.0 559.0 506.0 506.0 465.0 465.0 331.0 331.0 243.0 243.0 206.0 206.0 141.0 141.0 143.0 143.0 105.0 105.0 122.0 122.0 123.0 123.0 106.0 106.0 87.0 87.0 85.0 85.0 78.0 78.0 47.0 47.0 72.0 72.0 33.0 33.0
7.0 7.0 36.0 36.0 40.0 40.0 68.0 68.0 96.0 96.0 80.0 80.0 77.0 77.0 94.0 94.0 111.0 111.0 125.0 125.0 128.0 128.0 164.0 164.0 198.0 198.0 229.0 229.0 325.0 325.0 422.0 422.0 447.0 447.0 534.0 534.0 504.0 504.0 425.0 425.0 364.0 364.0 325.0 325.0 246.0 246.0 248.0 248.0 233.0 233.0 207.0 207.0 157.0 157.0 132.0 132.0 126.0 126.0 135.0 135.0 143.0 143.0 99.0 99.0 155.0 155.0 127.0 127.0 126.0 126.0 137.0 137.0 149.0 149.0 155.0 155.0 187.0 187.0 191.0 191.0 228.0 228.0 230.0 230.0 284.0 284.0 310.0 310.0 365.0 365.0 456.0 456.0 508.0 508.0 458.0 458.0 469.0 469.0 381.0 381.0 268.0 268.0 226.0 226.0 169.0 169.0 145.0 145.0 114.0 114.0 80.0 80.0 99.0 99.0 105.0 105.0 104.0 104.0 66.0 66.0 61.0 61.0 47.0 47.0 47.0 47.0 32.0 32.0
7.0 7.0 36.0 36.0 40.0 40.0 68.0 68.0 96.0 96.0 80.0 80.0 77.0 77.0 94.0 94.0 111.0 111.0 125.0 125.0 128.0 128.0 164.0 164.0 198.0 198.0 229.0 229.0 325.0 325.0 422.0 422.0 447.0 447.0 534.0 534.0 504.0 504.0 425.0 425.0 364.0 364.0 325.0 325.0 246.0 246.0 248.0 248.0 233.0 233.0 207.0 207.0 157.0 157.0 132.0 132.0 126.0 126.0 135.0 135.0 143.0 143.0 99.0 99.0 155.0 155.0 127.0 127.0 126.0 126.0 137.0 137.0 149.0 149.0 155.0 155.0 187.0 187.0 191.0 191.0 228.0 228.0 230.0 230.0 284.0 284.0 310.0 310.0 365.0 365.0 456.0 456.0 508.0 508.0 458.0 458.0 469.0 469.0 381.0 381.0 268.0 268.0 226.0 226.0 169.0 169.0 145.0 145.0 114.0 114.0 80.0 80.0 99.0 99.0 105.0 105.0 104.0 104.0 66.0 66.0 61.0 61.0 47.0 47.0 47.0 47.0 32.0 32.0
14.0 14.0 33.0 33.0 48.0 48.0 64.0 64.0 61.0 61.0 70.0 70.0 86.0 86.0 106.0 106.0 98.0 98.0 111.0 111.0 153.0 153.0 189.0 189.0 209.0 209.0 282.0 282.0 364.0 364.0 439.0 439.0 423.0 423.0 433.0 433.0 402.0 402.0 333.0 333.0 309.0 309.0 245.0 245.0 243.0 243.0 194.0 194.0 201.0 201.0 152.0 152.0 150.0 150.0 142.0 142.0 144.0 144.0 118.0 118.0 119.0 119.0 102.0 102.0 143.0 143.0 122.0 122.0 126.0 126.0 116.0 116.0 151.0 151.0 157.0 157.0 133.0 133.0 169.0 169.0 195.0 195.0 206.0 206.0 264.0 264.0 287.0 287.0 321.0 321.0 368.0 368.0 428.0 428.0 455.0 455.0 520.0 520.0 421.0 421.0 324.0 324.0 290.0 290.0 210.0 210.0 158.0 158.0 132.0 132.0 106.0 106.0 99.0 99.0 92.0 92.0 92.0 92.0 65.0 65.0 68.0 68.0 51.0 51.0 63.0 63.0 27.0 27.0
14.0 14.0 33.0 33.0 48.0 48.0 64.0 64.0 61.0 61.0 70.0 70.0 86.0 86.0 106.0 106.0 98.0 98.0 111.0 111.0 153.0 153.0 189.0 189.0 209.0 209.0 282.0 282.0 364.0 364.0 439.0 439.0 423.0 423.0 433.0 433.0 402.0 402.0 333.0 333.0 309.0 309.0 245.0 245.0 243.0 243.0 194.0 194.0 201.0 201.0 152.0 152.0 150.0 150.0 142.0 142.0 144.0 144.0 118.0 118.0 119.0 119.0 102.0 102.0 143.0 143.0 122.0 122.0 126.0 126.0 116.0 116.0 151.0 151.0 157.0 157.0 133.0 133.0 169.0 169.0 195.0 195.0 206.0 206.0 264.0 264.0 287.0 287.0 321.0 321.0 368.0 368.0 428.0 428.0 455.0 455.0 520.0 520.0 421.0 421.0 324.0 324.0 290.0 290.0 210.0 210.0 158.0 158.0 132.0 132.0 106.0 106.0 99.0 99.0 92.0 92.0 92.0 92.0 65.0 65.0 68.0 68.0 51.0 51.0 63.0 63.0 27.0 27.0
5.0 5.0 34.0 34.0 48.0 48.0 48.0 48.0 57.0 57.0 77.0 77.0 95.0 95.0 82.0 82.0 103.0 103.0 132.0 132.0 168.0 168.0 205.0 205.0 245.0 245.0 327.0 327.0 408.0 408.0 474.0 474.0 479.0 479.0 450.0 450.0 392.0 392.0 316.0 316.0 270.0 270.0 269.0 269.0 196.0 196.0 193.0 193.0 153.0 153.0 147.0 147.0 143.0 143.0 137.0 137.0 116.0 116.0 123.0 123.0 124.0 124.0 107.0 107.0 116.0 116.0 117.0 117.0 119.0 119.0 101.0 101.0 101.0 101.0 144.0 144.0 136.0 136.0 146.0 146.0 169.0 169.0 196.0 196.0 243.0 243.0 244.0 244.0 265.0 265.0 319.0 319.0 367.0 367.0 429.0 429.0 496.0 496.0 498.0 498.0 426.0 426.0 289.0 289.0 234.0 234.0 208.0 208.0 167.0 167.0 125.0 125.0 98.0 98.0 83.0 83.0 62.0 62.0 72.0 72.0 55.0 55.0 50.0 50.0 57.0 57.0 23.0 23.0
5.0 5.0 34.0 34.0 48.0 48.0 48.0 48.0 57.0 57.0 77.0 77.0 95.0 95.0 82.0 82.0 103.0 103.0 132.0 132.0 168.0 168.0 205.0 205.0 245.0 245.0 327.0 327.0 408.0 408.0 474.0 474.0 479.0 479.0 450.0 450.0 392.0 392.0 316.0 316.0 270.0 270.0 269.0 269.0 196.0 196.0 193.0 193.0 153.0 153.0 147.0 147.0 143.0 143.0 137.0 137.0 116.0 116.0 123.0 123.0 124.0 124.0 107.0 107.0 116.0 116.0 117.0 117.0 119.0 119.0 101.0 101.0 101.0 101.0 144.0 144.0 136.0 136.0 146.0 146.0 169.0 169.0 196.0 196.0 243.0 243.0 244.0 244.0 265.0 265.0 319.0 319.0 367.0 367.0 429.0 429.0 496.0 496.0 498.0 498.0 426.0 426.0 289.0 289.0 234.0 234.0 208.0 208.0 167.0 167.0 125.0 125.0 98.0 98.0 83.0 83.0 62.0 62.0 72.0 72.0 55.0 55.0 50.0 50.0 57.0 57.0 23.0 23.0
10.0 10.0 34.0 34.0 45.0 45.0 51.0 51.0 58.0 58.0 81.0 81.0 85.0 85.0 96.0 96.0 120.0 120.0 137.0 137.0 161.0 161.0 227.0 227.0 313.0 313.0 393.0 393.0 492.0 492.0 576.0 576.0 538.0 538.0 379.0 379.0 366.0 366.0 261.0 261.0 255.0 255.0 237.0 237.0 167.0 167.0 166.0 166.0 158.0 158.0 121.0 121.0 130.0 130.0 137.0 137.0 107.0 107.0 116.0 116.0 114.0 114.0 89.0 89.0 108.0 108.0 89.0 89.0 104.0 104.0 101.0 101.0 114.0 114.0 103.0 103.0 112.0 112.0 137.0 137.0 144.0 144.0 167.0 167.0 200.0 200.0 223.0 223.0 303.0 303.0 316.0 316.0 353.0 353.0 458.0 458.0 531.0 531.0 578.0 578.0 461.0 461.0 376.0 376.0 286.0 286.0 213.0 213.0 153.0 153.0 119.0 119.0 117.0 117.0 77.0 77.0 71.0 71.0 63.0 63.0 45.0 45.0 43.0 43.0 59.0 59.0 21.0 21.0
10.0 10.0 34.0 34.0 45.0 45.0 51.0 51.0 58.0 58.0 81.0 81.0 85.0 85.0 96.0 96.0 120.0 120.0 137.0 137.0 161.0 161.0 227.0 227.0 313.0 313.0 393.0 393.0 492.0 492.0 576.0 576.0 538.0 538.0 379.0 379.0 366.0 366.0 261.0 261.0 255.0 255.0 237.0 237.0 167.0 167.0 166.0 166.0 158.0 158.0 121.0 121.0 130.0 130.0 137.0 137.0 107.0 107.0 116.0 116.0 114.0 114.0 89.0 89.0 108.0 108.0 89.0 89.0 104.0 104.0 101.0 101.0 114.0 114.0 103.0 103.0 112.0 112.0 137.0 137.0 144.0 144.0 167.0 167.0 200.0 200.0 223.0 223.0 303.0 303.0 316.0 316.0 353.0 353.0 458.0 458.0 531.0 531.0 578.0 578.0 461.0 461.0 376.0 376.0 286.0 286.0 213.0 213.0 153.0 153.0 119.0 119.0 117.0 117.0 77.0 77.0 71.0 71.0 63.0 63.0 45.0 45.0 43.0 43.0 59.0 59.0 21.0 21.0
10.0 10.0 26.0 26.0 37.0 37.0 51.0 51.0 63.0 63.0 55.0 55.0 76.0 76.0 92.0 92.0 116.0 116.0 141.0 141.0 188.0 188.0 261.0 261.0 318.0 318.0 467.0 467.0 633.0 633.0 629.0 629.0 536.0 536.0 407.0 407.0 314.0 314.0 282.0 282.0 244.0 244.0 232.0 232.0 173.0 173.0 159.0 159.0 112.0 112.0 117.0 117.0 111.0 111.0 135.0 135.0 109.0 109.0 106.0 106.0 100.0 100.0 92.0 92.0 98.0 98.0 98.0 98.0 111.0 111.0 85.0 85.0 108.0 108.0 109.0 109.0 116.0 116.0 129.0 129.0 143.0 143.0 146.0 146.0 191.0 191.0 237.0 237.0 235.0 235.0 304.0 304.0 343.0 343.0 388.0 388.0 518.0 518.0 669.0 669.0 553.0 553.0 446.0 446.0 324.0 324.0 256.0 256.0 175.0 175.0 151.0 151.0 88.0 88.0 80.0 80.0 76.0 76.0 61.0 61.0 58.0 58.0 53.0 53.0 61.0 61.0 19.0 19.0
10.0 10.0 26.0 26.0 37.0 37.0 51.0 51.0 63.0 63.0 55.0 55.0 76.0 76.0 92.0 92.0 116.0 116.0 141.0 141.0 188.0 188.0 261.0 261.0 318.0 318.0 467.0 467.0 633.0 633.0 629.0 629.0 536.0 536.0 407.0 407.0 314.0 314.0 282.0 282.0 244.0 244.0 232.0 232.0 173.0 173.0 159.0 159.0 112.0 112.0 117.0 117.0 111.0 111.0 135.0 135.0 109.0 109.0 106.0 106.0 100.0 100.0 92.0 92.0 98.0 98.0 98.0 98.0 111.0 111.0 85.0 85.0 108.0 108.0 109.0 109.0 116.0 116.0 129.0 129.0 143.0 143.0 146.0 146.0 191.0 191.0 237.0 237.0 235.0 235.0 304.0 304.0 343.0 343.0 388.0 388.0 518.0 518.0 669.0 669.0 553.0 553.0 446.0 446.0 324.0 324.0 256.0 256.0 175.0 175.0 151.0 151.0 88.0 88.0 80.0 80.0 76.0 76.0 61.0 61.0 58.0 58.0 53.0 53.0 61.0 61.0 19.0 19.0
15.0 15.0 34.0 34.0 39.0 39.0 46.0 46.0 66.0 66.0 73.0 73.0 83.0 83.0 94.0 94.0 139.0 139.0 168.0 168.0 215.0 215.0 292.0 292.0 410.0 410.0 575.0 575.0 761.0 761.0 773.0 773.0 613.0 613.0 418.0 418.0 321.0 321.0 268.0 268.0 248.0 248.0 209.0 209.0 176.0 176.0 149.0 149.0 145.0 145.0 104.0 104.0 120.0 120.0 106.0 106.0 93.0 93.0 85.0 85.0 92.0 92.0 79.0 79.0 96.0 96.0 93.0 93.0 95.0 95.0 101.0 101.0 104.0 104.0 108.0 108.0 121.0 121.0 115.0 115.0 119.0 119.0 129.0 129.0 176.0 176.0 185.0 185.0 215.0 215.0 269.0 269.0 324.0 324.0 439.0 439.0 638.0 638.0 797.0 797.0 681.0 681.0 576.0 576.0 385.0 385.0 273.0 273.0 188.0 188.0 152.0 152.0 81.0 81.0 88.0 88.0 64.0 64.0 64.0 64.0 48.0 48.0 37.0 37.0 49.0 49.0 29.0 29.0
15.0 15.0 34.0 34.0 39.0 39.0 46.0 46.0 66.0 66.0 73.0 73.0 83.0 83.0 94.0 94.0 139.0 139.0 168.0 168.0 215.0 215.0 292.0 292.0 410.0 410.0 575.0 575.0 761.0 761.0 773.0 773.0 613.0 613.0 418.0 418.0 321.0 321.0 268.0 268.0 248.0 248.0 209.0 209.0 176.0 176.0 149.0 149.0 145.0 145.0 104.0 104.0 120.0 120.0 106.0 106.0 93.0 93.0 85.0 85.0 92.0 92.0 79.0 79.0 96.0 96.0 93.0 93.0 95.0 95.0 101.0 101.0 104.0 104.0 108.0 108.0 121.0 121.0 115.0 115.0 119.0 119.0 129.0 129.0 176.0 176.0 185.0 185.0 215.0 215.0 269.0 269.0 324.0 324.0 439.0 439.0 638.0 638.0 797.0 797.0 681.0 681.0 576.0 576.0 385.0 385.0 273.0 273.0 188.0 188.0 152.0 152.0 81.0 81.0 88.0 88.0 64.0 64.0 64.0 64.0 48.0 48.0 37.0 37.0 49.0 49.0 29.0 29.0
20.0 20.0 37.0 37.0 45.0 45.0 62.0 62.0 73.0 73.0 63.0 63.0 76.0 76.0 94.0 94.0 135.0 135.0 158.0 158.0 245.0 245.0 331.0 331.0 560.0 560.0 793.0 793.0 1122.0 1122.0 1091.0 1091.0 773.0 773.0 483.0 483.0 321.0 321.0 268.0 268.0 204.0 204.0 189.0 189.0 173.0 173.0 141.0 141.0 136.0 136.0 129.0 129.0 109.0 109.0 115.0 115.0 84.0 84.0 109.0 109.0 111.0 111.0 100.0 100.0 126.0 126.0 97.0 97.0 113.0 113.0 110.0 110.0 99.0 99.0 111.0 111.0 104.0 104.0 128.0 128.0 117.0 117.0 145.0 145.0 151.0 151.0 204.0 204.0 222.0 222.0 274.0 274.0 366.0 366.0 517.0 517.0 854.0 854.0 1170.0 1170.0 1065.0 1065.0 726.0 726.0 476.0 476.0 289.0 289.0 210.0 210.0 147.0 147.0 124.0 124.0 84.0 84.0 84.0 84.0 60.0 60.0 61.0 61.0 62.0 62.0 38.0 38.0 36.0 36.0
20.0 20.0 37.0 37.0 45.0 45.0 62.0 62.0 73.0 73.0 63.0 63.0 76.0 76.0 94.0 94.0 135.0 135.0 158.0 158.0 245.0 245.0 331.0 331.0 560.0 560.0 793.0 793.0 1122.0 1122.0 1091.0 1091.0 773.0 773.0 483.0 483.0 321.0 321.0 268.0 268.0 204.0 204.0 189.0 189.0 173.0 173.0 141.0 141.0 136.0 136.0 129.0 129.0 109.0 109.0 115.0 115.0 84.0 84.0 109.0 109.0 111.0 111.0 100.0 100.0 126.0 126.0 97.0 97.0 113.0 113.0 110.0 110.0 99.0 99.0 111.0 111.0 104.0 104.0 128.0 128.0 117.0 117.0 145.0 145.0 151.0 151.0 204.0 204.0 222.0 222.0 274.0 274.0 366.0 366.0 517.0 517.0 854.0 854.0 1170.0 1170.0 1065.0 1065.0 726.0 726.0 476.0 476.0 289.0 289.0 210.0 210.0 147.0 147.0 124.0 124.0 84.0 84.0 84.0 84.0 60.0 60.0 61.0 61.0 62.0 62.0 38.0 38.0 36.0 36.0
26.0 26.0 42.0 42.0 53.0 53.0 45.0 45.0 54.0 54.0 71.0 71.0 76.0 76.0 106.0 106.0 140.0 140.0 174.0 174.0 266.0 266.0 358.0 358.0 696.0 696.0 1211.0 1211.0 1778.0 1778.0 1910.0 1910.0 1181.0 1181.0 658.0 658.0 392.0 392.0 258.0 258.0 207.0 207.0 162.0 162.0 151.0 151.0 153.0 153.0 129.0 129.0 99.0 99.0 109.0 109.0 106.0 106.0 83.0 83.0 113.0 113.0 107.0 107.0 84.0 84.0 55.0 55.0 97.0 97.0 129.0 129.0 95.0 95.0 83.0 83.0 97.0 97.0 100.0 100.0 126.0 126.0 147.0 147.0 126.0 126.0 168.0 168.0 193.0 193.0 207.0 207.0 239.0 239.0 321.0 321.0 718.0 718.0 1379.0 1379.0 1963.0 1963.0 1727.0 1727.0 1080.0 1080.0 548.0 548.0 336.0 336.0 217.0 217.0 173.0 173.0 92.0 92.0 85.0 85.0 79.0 79.0 52.0 52.0 54.0 54.0 62.0 62.0 54.0 54.0 40.0 40.0
26.0 26.0 42.0 42.0 53.0 53.0 45.0 45.0 54.0 54.0 71.0 71.0 76.0 76.0 106.0 106.0 140.0 140.0 174.0 174.0 266.0 266.0 358.0 358.0 696.0 696.0 1211.0 1211.0 1778.0 1778.0 1910.0 1910.0 1181.0 1181.0 658.0 658.0 392.0 392.0 258.0 258.0 207.0 207.0 162.0 162.0 151.0 151.0 153.0 153.0 129.0 129.0 99.0 99.0 109.0 109.0 106.0 106.0 83.0 83.0 113.0 113.0 107.0 107.0 84.0 84.0 55.0 55.0 97.0 97.0 129.0 129.0 95.0 95.0 83.0 83.0 97.0 97.0 100.0 100.0 126.0 126.0 147.0 147.0 126.0 126.0 168.0 168.0 193.0 193.0 207.0 207.0 239.0 239.0 321.0 321.0 718.0 718.0 1379.0 1379.0 1963.0 1963.0 1727.0 1727.0 1080.0 1080.0 548.0 548.0 336.0 336.0 217.0 217.0 173.0 173.0 92.0 92.0 85.0 85.0 79.0 79.0 52.0 52.0 54.0 54.0 62.0 62.0 54.0 54.0 40.0 40.0
17.0 17.0 41.0 41.0 49.0 49.0 46.0 46.0 57.0 57.0 66.0 66.0 76.0 76.0 88.0 88.0 131.0 131.0 182.0 182.0 248.0 248.0 412.0 412.0 909.0 909.0 1834.0 1834.0 2989.0 2989.0 3173.0 3173.0 1952.0 1952.0 794.0 794.0 347.0 347.0 248.0 248.0 207.0 207.0 167.0 167.0 134.0 134.0 128.0 128.0 128.0 128.0 111.0 111.0 118.0 118.0 100.0 100.0 119.0 119.0 115.0 115.0 55.0 55.0 23.0 23.0 3.0 3.0 11.0 11.0 94.0 94.0 102.0 102.0 108.0 108.0 101.0 101.0 84.0 84.0 107.0 107.0 101.0 101.0 135.0 135.0 153.0 153.0 159.0 159.0 211.0 211.0 277.0 277.0 419.0 419.0 972.0 972.0 2316.0 2316.0 3392.0 3392.0 2850.0 2850.0 1608.0 1608.0 690.0 690.0 349.0 349.0 242.0 242.0 197.0 197.0 115.0 115.0 102.0 102.0 78.0 78.0 54.0 54.0 48.0 48.0 43.0 43.0 64.0 64.0 59.0 59.0
17.0 17.0 41.0 41.0 49.0 49.0 46.0 46.0 57.0 57.0 66.0 66.0 76.0 76.0 88.0 88.0 131.0 131.0 182.0 182.0 248.0 248.0 412.0 412.0 909.0 909.0 1834.0 1834.0 2989.0 2989.0 3173.0 3173.0 1952.0 1952.0 794.0 794.0 347.0 347.0 248.0 248.0 207.0 207.0 167.0 167.0 134.0 134.0 128.0 128.0 128.0 128.0 111.0 111.0 118.0 118.0 100.0 100.0 119.0 119.0 115.0 115.0 55.0 55.0 23.0 23.0 3.0 3.0 11.0 11.0 94.0 94.0 102.0 102.0 108.0 108.0 101.0 101.0 84.0 84.0 107.0 107.0 101.0 101.0 135.0 135.0 153.0 153.0 159.0 159.0 211.0 211.0 277.0 277.0 419.0 419.0 972.0 972.0 2316.0 2316.0 3392.0 3392.0 2850.0 2850.0 1608.0 1608.0 690.0 690.0 349.0 349.0 242.0 242.0 197.0 197.0 115.0 115.0 102.0 102.0 78.0 78.0 54.0 54.0 48.0 48.0 43.0 43.0 64.0 64.0 59.0 59.0
18.0 18.0 55.0 55.0 58.0 58.0 44.0 44.0 64.0 64.0 70.0 70.0 91.0 91.0 104.0 104.0 143.0 143.0 176.0 176.0 276.0 276.0 471.0 471.0 1156.0 1156.0 2541.0 2541.0 4376.0 4376.0 4379.0 4379.0 2674.0 2674.0 1091.0 1091.0 379.0 379.0 253.0 253.0 195.0 195.0 154.0 154.0 156.0 156.0 120.0 120.0 120.0 120.0 106.0 106.0 105.0 105.0 110.0 110.0 111.0 111.0 108.0 108.0 7.0 7.0 5.0 5.0 1.0 1.0 4.0 4.0 24.0 24.0 122.0 122.0 99.0 99.0 112.0 112.0 82.0 82.0 98.0 98.0 109.0 109.0 136.0 136.0 155.0 155.0 164.0 164.0 193.0 193.0 245.0 245.0 440.0 440.0 1183.0 1183.0 3079.0 3079.0 4569.0 4569.0 3810.0 3810.0 2059.0 2059.0 838.0 838.0 392.0 392.0 225.0 225.0 159.0 159.0 114.0 114.0 83.0 83.0 88.0 88.0 75.0 75.0 30.0 30.0 44.0 44.0 55.0 55.0 37.0 37.0
18.0 18.0 55.0 55.0 58.0 58.0 44.0 44.0 64.0 64.0 70.0 70.0 91.0 91.0 104.0 104.0 143.0 143.0 176.0 176.0 276.0 276.0 471.0 471.0 1156.0 1156.0 2541.0 2541.0 4376.0 4376.0 4379.0 4379.0 2674.0 2674.0 1091.0 1091.0 379.0 379.0 253.0 253.0 195.0 195.0 154.0 154.0 156.0 156.0 120.0 120.0 120.0 120.0 106.0 106.0 105.0 105.0 110.0 110.0 111.0 111.0 108.0 108.0 7.0 7.0 5.0 5.0 1.0 1.0 4.0 4.0 24.0 24.0 122.0 122.0 99.0 99.0 112.0 112.0 82.0 82.0 98.0 98.0 109.0 109.0 136.0 136.0 155.0 155.0 164.0 164.0 193.0 193.0 245.0 245.0 440.0 440.0 1183.0 1183.0 3079.0 3079.0 4569.0 4569.0 3810.0 3810.0 2059.0 2059.0 838.0 838.0 392.0 392.0 225.0 225.0 159.0 159.0 114.0 114.0 83.0 83.0 88.0 88.0 75.0 75.0 30.0 30.0 44.0 44.0 55.0 55.0 37.0 37.0
14.0 14.0 43.0 43.0 40.0 40.0 44.0 44.0 63.0 63.0 59.0 59.0 70.0 70.0 108.0 108.0 124.0 124.0 187.0 187.0 273.0 273.0 504.0 504.0 1256.0 1256.0 2702.0 2702.0 4383.0 4383.0 4723.0 4723.0 2923.0 2923.0 1092.0 1092.0 415.0 415.0 237.0 237.0 205.0 205.0 167.0 167.0 144.0 144.0 141.0 141.0 110.0 110.0 97.0 97.0 109.0 109.0 107.0 107.0 124.0 124.0 85.0 85.0 6.0 6.0 7.0 7.0 5.0 5.0 2.0 2.0 23.0 23.0 132.0 132.0 124.0 124.0 106.0 106.0 98.0 98.0 107.0 107.0 142.0 142.0 127.0 127.0 129.0 129.0 184.0 184.0 193.0 193.0 252.0 252.0 425.0 425.0 1277.0 1277.0 3273.0 3273.0 4877.0 4877.0 4168.0 4168.0 2227.0 2227.0 842.0 842.0 375.0 375.0 252.0 252.0 137.0 137.0 131.0 131.0 99.0 99.0 75.0 75.0 63.0 63.0 52.0 52.0 39.0 39.0 42.0 42.0 39.0 39.0
14.0 14.0 43.0 43.0 40.0 40.0 44.0 44.0 63.0 63.0 59.0 59.0 70.0 70.0 108.0 108.0 124.0 124.0 187.0 187.0 273.0 273.0 504.0 504.0 1256.0 1256.0 2702.0 2702.0 4383.0 4383.0 4723.0 4723.0 2923.0 2923.0 1092.0 1092.0 415.0 415.0 237.0 237.0 205.0 205.0 167.0 167.0 144.0 144.0 141.0 141.0 110.0 110.0 97.0 97.0 109.0 109.0 107.0 107.0 124.0 124.0 85.0 85.0 6.0 6.0 7.0 7.0 5.0 5.0 2.0 2.0 23.0 23.0 132.0 132.0 124.0 124.0 106.0 106.0 98.0 98.0 107.0 107.0 142.0 142.0 127.0 127.0 129.0 129.0 184.0 184.0 193.0 193.0 252.0 252.0 425.0 425.0 1277.0 1277.0 3273.0 3273.0 4877.0 4877.0 4168.0 4168.0 2227.0 2227.0 842.0 842.0 375.0 375.0 252.0 252.0 137.0 137.0 131.0 131.0 99.0 99.0 75.0 75.0 63.0 63.0 52.0 52.0 39.0 39.0 42.0 42.0 39.0 39.0
15.0 15.0 46.0 46.0 45.0 45.0 41.0 41.0 71.0 71.0 78.0 78.0 80.0 80.0 84.0 84.0 122.0 122.0 193.0 193.0 255.0 255.0 419.0 419.0 1014.0 1014.0 1995.0 1995.0 3539.0 3539.0 3743.0 3743.0 2256.0 2256.0 924.0 924.0 418.0 418.0 251.0 251.0 200.0 200.0 155.0 155.0 138.0 138.0 124.0 124.0 118.0 118.0 92.0 92.0 100.0 100.0 107.0 107.0 98.0 98.0 125.0 125.0 19.0 19.0 7.0 7.0 1.0 1.0 3.0 3.0 50.0 50.0 104.0 104.0 116.0 116.0 97.0 97.0 89.0 89.0 138.0 138.0 108.0 108.0 143.0 143.0 138.0 138.0 152.0 152.0 218.0 218.0 295.0 295.0 399.0 399.0 988.0 988.0 2473.0 2473.0 3580.0 3580.0 3039.0 3039.0 1712.0 1712.0 741.0 741.0 340.0 340.0 241.0 241.0 145.0 145.0 111.0 111.0 92.0 92.0 67.0 67.0 55.0 55.0 45.0 45.0 33.0 33.0 63.0 63.0 23.0 23.0
15.0 15.0 46.0 46.0 45.0 45.0 41.0 41.0 71.0 71.0 78.0 78.0 80.0 80.0 84.0 84.0 122.0 122.0 193.0 193.0 255.0 255.0 419.0 419.0 1014.0 1014.0 1995.0 1995.0 3539.0 3539.0 3743.0 3743.0 2256.0 2256.0 924.0 924.0 418.0 418.0 251.0 251.0 200.0 200.0 155.0 155.0 138.0 138.0 124.0 124.0 118.0 118.0 92.0 92.0 100.0 100.0 107.0 107.0 98.0 98.0 125.0 125.0 19.0 19.0 7.0 7.0 1.0 1.0 3.0 3.0 50.0 50.0 104.0 104.0 116.0 116.0 97.0 97.0 89.0 89.0 138.0 138.0 108.0 108.0 143.0 143.0 138.0 138.0 152.0 152.0 218.0 218.0 295.0 295.0 399.0 399.0 988.0 988.0 2473.0 2473.0 3580.0 3580.0 3039.0 3039.0 1712.0 1712.0 741.0 741.0 340.0 340.0 241.0 241.0 145.0 145.0 111.0 111.0 92.0 92.0 67.0 67.0 55.0 55.0 45.0 45.0 33.0 33.0 63.0 63.0 23.0 23.0
25.0 25.0 47.0 47.0 41.0 41.0 52.0 52.0 55.0 55.0 81.0 81.0 75.0 75.0 105.0 105.0 122.0 122.0 190.0 190.0 242.0 242.0 408.0 408.0 727.0 727.0 1404.0 1404.0 2161.0 2161.0 2206.0 2206.0 1333.0 1333.0 649.0 649.0 373.0 373.0 245.0 245.0 187.0 187.0 160.0 160.0 162.0 162.0 114.0 114.0 141.0 141.0 103.0 103.0 96.0 96.0 114.0 114.0 109.0 109.0 94.0 94.0 91.0 91.0 40.0 40.0 37.0 37.0 52.0 52.0 105.0 105.0 100.0 100.0 100.0 100.0 106.0 106.0 87.0 87.0 97.0 97.0 116.0 116.0 120.0 120.0 181.0 181.0 153.0 153.0 227.0 227.0 292.0 292.0 411.0 411.0 743.0 743.0 1545.0 1545.0 2226.0 2226.0 1939.0 1939.0 1203.0 1203.0 601.0 601.0 302.0 302.0 228.0 228.0 145.0 145.0 98.0 98.0 92.0 92.0 75.0 75.0 62.0 62.0 49.0 49.0 50.0 50.0 39.0 39.0 23.0 23.0
25.0 25.0 47.0 47.0 41.0 41.0 52.0 52.0 55.0 55.0 81.0 81.0 75.0 75.0 105.0 105.0 122.0 122.0 190.0 190.0 242.0 242.0 408.0 408.0 727.0 727.0 1404.0 1404.0 2161.0 2161.0 2206.0 2206.0 1333.0 1333.0 649.0 649.0 373.0 373.0 245.0 245.0 187.0 187.0 160.0 160.0 162.0 162.0 114.0 114.0 141.0 141.0 103.0 103.0 96.0 96.0 114.0 114.0 109.0 109.0 94.0 94.0 91.0 91.0 40.0 40.0 37.0 37.0 52.0 52.0 105.0 105.0 100.0 100.0 100.0 100.0 106.0 106.0 87.0 87.0 97.0 97.0 116.0 116.0 120.0 120.0 181.0 181.0 153.0 153.0 227.0 227.0 292.0 292.0 411.0 411.0 743.0 743.0 1545.0 1545.0 2226.0 2226.0 1939.0 1939.0 1203.0 1203.0 601.0 601.0 302.0 302.0 228.0 228.0 145.0 145.0 98.0 98.0 92.0 92.0 75.0 75.0 62.0 62.0 49.0 49.0 50.0 50.0 39.0 39.0 23.0 23.0
21.0 21.0 47.0 47.0 50.0 50.0 74.0 74.0 70.0 70.0 64.0 64.0 79.0 79.0 103.0 103.0 126.0 126.0 173.0 173.0 243.0 243.0 346.0 346.0 578.0 578.0 920.0 920.0 1307.0 1307.0 1343.0 1343.0 917.0 917.0 527.0 527.0 376.0 376.0 255.0 255.0 235.0 235.0 169.0 169.0 150.0 150.0 159.0 159.0 118.0 118.0 126.0 126.0 107.0 107.0 109.0 109.0 111.0 111.0 121.0 121.0 99.0 99.0 97.0 97.0 90.0 90.0 133.0 133.0 114.0 114.0 106.0 106.0 107.0 107.0 88.0 88.0 113.0 113.0 116.0 116.0 122.0 122.0 145.0 145.0 159.0 159.0 161.0 161.0 215.0 215.0 262.0 262.0 364.0 364.0 540.0 540.0 923.0 923.0 1305.0 1305.0 1095.0 1095.0 778.0 778.0 420.0 420.0 306.0 306.0 188.0 188.0 166.0 166.0 96.0 96.0 86.0 86.0 77.0 77.0 75.0 75.0 54.0 54.0 52.0 52.0 41.0 41.0 15.0 15.0
21.0 21.0 47.0 47.0 50.0 50.0 74.0 74.0 70.0 70.0 64.0 64.0 79.0 79.0 103.0 103.0 126.0 126.0 173.0 173.0 243.0 243.0 346.0 346.0 578.0 578.0 920.0 920.0 1307.0 1307.0 1343.0 1343.0 917.0 917.0 527.0 527.0 376.0 376.0 255.0 255.0 235.0 235.0 169.0 169.0 150.0 150.0 159.0 159.0 118.0 118.0 126.0 126.0 107.0 107.0 109.0 109.0 111.0 111.0 121.0 121.0 99.0 99.0 97.0 97.0 90.0 90.0 133.0 133.0 114.0 114.0 106.0 106.0 107.0 107.0 88.0 88.0 113.0 113.0 116.0 116.0 122.0 122.0 145.0 145.0 159.0 159.0 161.0 161.0 215.0 215.0 262.0 262.0 364.0 364.0 540.0 540.0 923.0 923.0 1305.0 1305.0 1095.0 1095.0 778.0 778.0 420.0 420.0 306.0 306.0 188.0 188.0 166.0 166.0 96.0 96.0 86.0 86.0 77.0 77.0 75.0 75.0 54.0 54.0 52.0 52.0 41.0 41.0 15.0 15.0
11.0 11.0 42.0 42.0 44.0 44.0 44.0 44.0 59.0 59.0 57.0 57.0 83.0 83.0 85.0 85.0 118.0 118.0 151.0 151.0 226.0 226.0 275.0 275.0 459.0 459.0 589.0 589.0 793.0 793.0 850.0 850.0 646.0 646.0 470.0 470.0 367.0 367.0 264.0 264.0 221.0 221.0 189.0 189.0 174.0 174.0 174.0 174.0 142.0 142.0 103.0 103.0 114.0 114.0 110.0 110.0 97.0 97.0 105.0 105.0 93.0 93.0 103.0 103.0 91.0 91.0 94.0 94.0 107.0 107.0 110.0 110.0 116.0 116.0 89.0 89.0 110.0 110.0 128.0 128.0 139.0 139.0 145.0 145.0 178.0 178.0 195.0 195.0 219.0 219.0 274.0 274.0 297.0 297.0 468.0 468.0 657.0 657.0 821.0 821.0 736.0 736.0 553.0 553.0 392.0 392.0 253.0 253.0 193.0 193.0 163.0 163.0 115.0 115.0 79.0 79.0 75.0 75.0 73.0 73.0 44.0 44.0 43.0 43.0 55.0 55.0 11.0 11.0
11.0 11.0 42.0 42.0 44.0 44.0 44.0 44.0 59.0 59.0 57.0 57.0 83.0 83.0 85.0 85.0 118.0 118.0 151.0 151.0 226.0 226.0 275.0 275.0 459.0 459.0 589.0 589.0 793.0 793.0 850.0 850.0 646.0 646.0 470.0 470.0 367.0 367.0 264.0 264.0 221.0 221.0 189.0 189.0 174.0 174.0 174.0 174.0 142.0 142.0 103.0 103.0 114.0 114.0 110.0 110.0 97.0 97.0 105.0 105.0 93.0 93.0 103.0 103.0 91.0 91.0 94.0 94.0 107.0 107.0 110.0 110.0 116.0 116.0 89.0 89.0 110.0 110.0 128.0 128.0 139.0 139.0 145.0 145.0 178.0 178.0 195.0 195.0 219.0 219.0 274.0 274.0 297.0 297.0 468.0 468.0 657.0 657.0 821.0 821.0 736.0 736.0 553.0 553.0 392.0 392.0 253.0 253.0 193.0 193.0 163.0 163.0 115.0 115.0 79.0 79.0 75.0 75.0 73.0 73.0 44.0 44.0 43.0 43.0 55.0 55.0 11.0 11.0
13.0 13.0 40.0 40.0 49.0 49.0 60.0 60.0 47.0 47.0 58.0 58.0 70.0 70.0 85.0 85.0 132.0 132.0 138.0 138.0 234.0 234.0 288.0 288.0 349.0 349.0 500.0 500.0 620.0 620.0 676.0 676.0 574.0 574.0 451.0 451.0 313.0 313.0 273.0 273.0 220.0 220.0 211.0 211.0 173.0 173.0 159.0 159.0 163.0 163.0 136.0 136.0 128.0 128.0 125.0 125.0 136.0 136.0 99.0 99.0 106.0 106.0 105.0 105.0 84.0 84.0 101.0 101.0 112.0 112.0 99.0 99.0 98.0 98.0 114.0 114.0 138.0 138.0 119.0 119.0 136.0 136.0 183.0 183.0 179.0 179.0 206.0 206.0 248.0 248.0 222.0 222.0 348.0 348.0 378.0 378.0 537.0 537.0 598.0 598.0 555.0 555.0 461.0 461.0 327.0 327.0 204.0 204.0 180.0 180.0 150.0 150.0 97.0 97.0 77.0 77.0 66.0 66.0 50.0 50.0 40.0 40.0 46.0 46.0 51.0 51.0 9.0 9.0
13.0 13.0 40.0 40.0 49.0 49.0 60.0 60.0 47.0 47.0 58.0 58.0 70.0 70.0 85.0 85.0 132.0 132.0 138.0 138.0 234.0 234.0 288.0 288.0 349.0 349.0 500.0 500.0 620.0 620.0 676.0 676.0 574.0 574.0 451.0 451.0 313.0 313.0 273.0 273.0 220.0 220.0 211.0 211.0 173.0 173.0 159.0 159.0 163.0 163.0 136.0 136.0 128.0 128.0 125.0 125.0 136.0 136.0 99.0 99.0 106.0 106.0 105.0 105.0 84.0 84.0 101.0 101.0 112.0 112.0 99.0 99.0 98.0 98.0 114.0 114.0 138.0 138.0 119.0 119.0 136.0 136.0 183.0 183.0 179.0 179.0 206.0 206.0 248.0 248.0 222.0 222.0 348.0 348.0 378.0 378.0 537.0 537.0 598.0 598.0 555.0 555.0 461.0 461.0 327.0 327.0 204.0 204.0 180.0 180.0 150.0 150.0 97.0 97.0 77.0 77.0 66.0 66.0 50.0 50.0 40.0 40.0 46.0 46.0 51.0 51.0 9.0 9.0
25.0 25.0 39.0 39.0 34.0 34.0 49.0 49.0 56.0 56.0 62.0 62.0 81.0 81.0 110.0 110.0 123.0 123.0 142.0 142.0 166.0 166.0 234.0 234.0 298.0 298.0 405.0 405.0 502.0 502.0 568.0 568.0 510.0 510.0 430.0 430.0 313.0 313.0 327.0 327.0 226.0 226.0 200.0 200.0 186.0 186.0 167.0 167.0 156.0 156.0 118.0 118.0 131.0 131.0 123.0 123.0 108.0 108.0 134.0 134.0 102.0 102.0 116.0 116.0 80.0 80.0 121.0 121.0 105.0 105.0 113.0 113.0 118.0 118.0 104.0 104.0 134.0 134.0 146.0 146.0 151.0 151.0 218.0 218.0 205.0 205.0 238.0 238.0 270.0 270.0 283.0 283.0 327.0 327.0 404.0 404.0 537.0 537.0 519.0 519.0 472.0 472.0 370.0 370.0 252.0 252.0 181.0 181.0 161.0 161.0 139.0 139.0 100.0 100.0 92.0 92.0 81.0 81.0 58.0 58.0 61.0 61.0 47.0 47.0 42.0 42.0 19.0 19.0
25.0 25.0 39.0 39.0 34.0 34.0 49.0 49.0 56.0 56.0 62.0 62.0 81.0 81.0 110.0 110.0 123.0 123.0 142.0 142.0 166.0 166.0 234.0 234.0 298.0 298.0 405.0 405.0 502.0 502.0 568.0 568.0 510.0 510.0 430.0 430.0 313.0 313.0 327.0 327.0 226.0 226.0 200.0 200.0 186.0 186.0 167.0 167.0 156.0 156.0 118.0 118.0 131.0 131.0 123.0 123.0 108.0 108.0 134.0 134.0 102.0 102.0 116.0 116.0 80.0 80.0 121.0 121.0 105.0 105.0 113.0 113.0 118.0 118.0 104.0 104.0 134.0 134.0 146.0 146.0 151.0 151.0 218.0 218.0 205.0 205.0 238.0 238.0 270.0 270.0 283.0 283.0 327.0 327.0 404.0 404.0 537.0 537.0 519.0 519.0 472.0 472.0 370.0 370.0 252.0 252.0 181.0 181.0 161.0 161.0 139.0 139.0 100.0 100.0 92.0 92.0 81.0 81.0 58.0 58.0 61.0 61.0 47.0 47.0 42.0 42.0 19.0 19.0
19.0 19.0 37.0 37.0 40.0 40.0 53.0 53.0 60.0 60.0 67.0 67.0 80.0 80.0 113.0 113.0 118.0 118.0 131.0 131.0 160.0 160.0 182.0 182.0 241.0 241.0 326.0 326.0 429.0 429.0 479.0 479.0 494.0 494.0 430.0 430.0 346.0 346.0 314.0 314.0 272.0 272.0 221.0 221.0 204.0 204.0 199.0 199.0 171.0 171.0 142.0 142.0 126.0 126.0 149.0 149.0 120.0 120.0 117.0 117.0 115.0 115.0 86.0 86.0 96.0 96.0 112.0 112.0 97.0 97.0 106.0 106.0 92.0 92.0 114.0 114.0 115.0 115.0 142.0 142.0 186.0 186.0 190.0 190.0 220.0 220.0 229.0 229.0 268.0 268.0 301.0 301.0 346.0 346.0 361.0 361.0 458.0 458.0 446.0 446.0 399.0 399.0 277.0 277.0 219.0 219.0 186.0 186.0 149.0 149.0 111.0 111.0 98.0 98.0 70.0 70.0 69.0 69.0 58.0 58.0 57.0 57.0 55.0 55.0 58.0 58.0 17.0 17.0
19.0 19.0 37.0 37.0 40.0 40.0 53.0 53.0 60.0 60.0 67.0 67.0 80.0 80.0 113.0 113.0 118.0 118.0 131.0 131.0 160.0 160.0 182.0 182.0 241.0 241.0 326.0 326.0 429.0 429.0 479.0 479.0 494.0 494.0 430.0 430.0 346.0 346.0 314.0 314.0 272.0 272.0 221.0 221.0 204.0 204.0 199.0 199.0 171.0 171.0 142.0 142.0 126.0 126.0 149.0 149.0 120.0 120.0 117.0 117.0 115.0 115.0 86.0 86.0 96.0 96.0 112.0 112.0 97.0 97.0 106.0 106.0 92.0 92.0 114.0 114.0 115.0 115.0 142.0 142.0 186.0 186.0 190.0 190.0 220.0 220.0 229.0 229.0 268.0 268.0 301.0 301.0 346.0 346.0 361.0 361.0 458.0 458.0 446.0 446.0 399.0 399.0 277.0 277.0 219.0 219.0 186.0 186.0 149.0 149.0 111.0 111.0 98.0 98.0 70.0 70.0 69.0 69.0 58.0 58.0 57.0 57.0 55.0 55.0 58.0 58.0 17.0 17.0
17.0 17.0 46.0 46.0 54.0 54.0 58.0 58.0 91.0 91.0 68.0 68.0 87.0 87.0 100.0 100.0 105.0 105.0 114.0 114.0 151.0 151.0 178.0 178.0 216.0 216.0 311.0 311.0 342.0 342.0 432.0 432.0 485.0 485.0 433.0 433.0 395.0 395.0 374.0 374.0 289.0 289.0 284.0 284.0 210.0 210.0 203.0 203.0 179.0 179.0 156.0 156.0 128.0 128.0 144.0 144.0 109.0 109.0 134.0 134.0 113.0 113.0 145.0 145.0 103.0 103.0 107.0 107.0 122.0 122.0 120.0 120.0 114.0 114.0 128.0 128.0 158.0 158.0 177.0 177.0 167.0 167.0 207.0 207.0 225.0 225.0 268.0 268.0 300.0 300.0 327.0 327.0 404.0 404.0 448.0 448.0 448.0 448.0 386.0 386.0 353.0 353.0 223.0 223.0 216.0 216.0 174.0 174.0 134.0 134.0 107.0 107.0 89.0 89.0 79.0 79.0 87.0 87.0 74.0 74.0 68.0 68.0 45.0 45.0 44.0 44.0 17.0 17.0
17.0 17.0 46.0 46.0 54.0 54.0 58.0 58.0 91.0 91.0 68.0 68.0 87.0 87.0 100.0 100.0 105.0 105.0 114.0 114.0 151.0 151.0 178.0 178.0 216.0 216.0 311.0 311.0 342.0 342.0 432.0 432.0 485.0 485.0 433.0 433.0 395.0 395.0 374.0 374.0 289.0 289.0 284.0 284.0 210.0 210.0 203.0 203.0 179.0 179.0 156.0 156.0 128.0 128.0 144.0 144.0 109.0 109.0 134.0 134.0 113.0 113.0 145.0 145.0 103.0 103.0 107.0 107.0 122.0 122.0 120.0 120.0 114.0 114.0 128.0 128.0 158.0 158.0 177.0 177.0 167.0 167.0 207.0 207.0 225.0 225.0 268.0 268.0 300.0 300.0 327.0 327.0 404.0 404.0 448.0 448.0 448.0 448.0 386.0 386.0 353.0 353.0 223.0 223.0 216.0 216.0 174.0 174.0 134.0 134.0 107.0 107.0 89.0 89.0 79.0 79.0 87.0 87.0 74.0 74.0 68.0 68.0 45.0 45.0 44.0 44.0 17.0 17.0
13.0 13.0 43.0 43.0 54.0 54.0 68.0 68.0 73.0 73.0 102.0 102.0 79.0 79.0 85.0 85.0 108.0 108.0 135.0 135.0 131.0 131.0 182.0 182.0 211.0 211.0 232.0 232.0 316.0 316.0 418.0 418.0 481.0 481.0 469.0 469.0 422.0 422.0 373.0 373.0 336.0 336.0 297.0 297.0 273.0 273.0 250.0 250.0 217.0 217.0 211.0 211.0 158.0 158.0 171.0 171.0 124.0 124.0 136.0 136.0 143.0 143.0 126.0 126.0 121.0 121.0 133.0 133.0 140.0 140.0 141.0 141.0 137.0 137.0 141.0 141.0 177.0 177.0 173.0 173.0 194.0 194.0 233.0 233.0 269.0 269.0 305.0 305.0 320.0 320.0 399.0 399.0 432.0 432.0 503.0 503.0 446.0 446.0 322.0 322.0 285.0 285.0 192.0 192.0 184.0 184.0 150.0 150.0 134.0 134.0 103.0 103.0 97.0 97.0 91.0 91.0 72.0 72.0 73.0 73.0 58.0 58.0 52.0 52.0 49.0 49.0 18.0 18.0
13.0 13.0 43.0 43.0 54.0 54.0 68.0 68.0 73.0 73.0 102.0 102.0 79.0 79.0 85.0 85.0 108.0 108.0 135.0 135.0 131.0 131.0 182.0 182.0 211.0 211.0 232.0 232.0 316.0 316.0 418.0 418.0 481.0 481.0 469.0 469.0 422.0 422.0 373.0 373.0 336.0 336.0 297.0 297.0 273.0 273.0 250.0 250.0 217.0 217.0 211.0 211.0 158.0 158.0 171.0 171.0 124.0 124.0 136.0 136.0 143.0 143.0 126.0 126.0 121.0 121.0 133.0 133.0 140.0 140.0 141.0 141.0 137.0 137.0 141.0 141.0 177.0 177.0 173.0 173.0 194.0 194.0 233.0 233.0 269.0 269.0 305.0 305.0 320.0 320.0 399.0 399.0 432.0 432.0 503.0 503.0 446.0 446.0 322.0 322.0 285.0 285.0 192.0 192.0 184.0 184.0 150.0 150.0 134.0 134.0 103.0 103.0 97.0 97.0 91.0 91.0 72.0 72.0 73.0 73.0 58.0 58.0 52.0 52.0 49.0 49.0 18.0 18.0
16.0 16.0 38.0 38.0 70.0 70.0 73.0 73.0 95.0 95.0 100.0 100.0 116.0 116.0 127.0 127.0 115.0 115.0 122.0 122.0 120.0 120.0 141.0 141.0 171.0 171.0 212.0 212.0 289.0 289.0 336.0 336.0 494.0 494.0 485.0 485.0 479.0 479.0 455.0 455.0 434.0 434.0 378.0 378.0 344.0 344.0 271.0 271.0 240.0 240.0 223.0 223.0 201.0 201.0 218.0 218.0 158.0 158.0 177.0 177.0 160.0 160.0 119.0 119.0 140.0 140.0 147.0 147.0 163.0 163.0 171.0 171.0 173.0 173.0 179.0 179.0 176.0 176.0 217.0 217.0 259.0 259.0 284.0 284.0 335.0 335.0 387.0 387.0 437.0 437.0 476.0 476.0 514.0 514.0 459.0 459.0 450.0 450.0 316.0 316.0 246.0 246.0 164.0 164.0 168.0 168.0 113.0 113.0 117.0 117.0 115.0 115.0 92.0 92.0 125.0 125.0 101.0 101.0 91.0 91.0 80.0 80.0 71.0 71.0 64.0 64.0 16.0 16.0
16.0 16.0 38.0 38.0 70.0 70.0 73.0 73.0 95.0 95.0 100.0 100.0 116.0 116.0 127.0 127.0 115.0 115.0 122.0 122.0 120.0 120.0 141.0 141.0 171.0 171.0 212.0 212.0 289.0 289.0 336.0 336.0 494.0 494.0 485.0 485.0 479.0 479.0 455.0 455.0 434.0 434.0 378.0 378.0 344.0 344.0 271.0 271.0 240.0 240.0 223.0 223.0 201.0 201.0 218.0 218.0 158.0 158.0 177.0 177.0 160.0 160.0 119.0 119.0 140.0 140.0 147.0 147.0 163.0 163.0 171.0 171.0 173.0 173.0 179.0 179.0 176.0 176.0 217.0 217.0 259.0 259.0 284.0 284.0 335.0 335.0 387.0 387.0 437.0 437.0 476.0 476.0 514.0 514.0 459.0 459.0 450.0 450.0 316.0 316.0 246.0 246.0 164.0 164.0 168.0 168.0 113.0 113.0 117.0 117.0 115.0 115.0 92.0 92.0 125.0 125.0 101.0 101.0 91.0 91.0 80.0 80.0 71.0 71.0 64.0 64.0 16.0 16.0
1.0 1.0 51.0 51.0 65.0 65.0 88.0 88.0 114.0 114.0 96.0 96.0 132.0 132.0 136.0 136.0 109.0 109.0 123.0 123.0 123.0 123.0 131.0 131.0 156.0 156.0 195.0 195.0 223.0 223.0 314.0 314.0 402.0 402.0 508.0 508.0 666.0 666.0 676.0 676.0 695.0 695.0 667.0 667.0 521.0 521.0 454.0 454.0 364.0 364.0 305.0 305.0 272.0 272.0 218.0 218.0 177.0 177.0 188.0 188.0 207.0 207.0 176.0 176.0 178.0 178.0 188.0 188.0 171.0 171.0 204.0 204.0 211.0 211.0 210.0 210.0 238.0 238.0 288.0 288.0 331.0 331.0 455.0 455.0 601.0 601.0 617.0 617.0 587.0 587.0 646.0 646.0 584.0 584.0 441.0 441.0 368.0 368.0 302.0 302.0 222.0 222.0 207.0 207.0 135.0 135.0 104.0 104.0 109.0 109.0 93.0 93.0 104.0 104.0 125.0 125.0 116.0 116.0 122.0 122.0 108.0 108.0 73.0 73.0 61.0 61.0 20.0 20.0
1.0 1.0 51.0 51.0 65.0 65.0 88.0 88.0 114.0 114.0 96.0 96.0 132.0 132.0 136.0 136.0 109.0 109.0 123.0 123.0 123.0 123.0 131.0 131.0 156.0 156.0 195.0 195.0 223.0 223.0 314.0 314.0 402.0 402.0 508.0 508.0 666.0 666.0 676.0 676.0 695.0 695.0 667.0 667.0 521.0 521.0 454.0 454.0 364.0 364.0 305.0 305.0 272.0 272.0 218.0 218.0 177.0 177.0 188.0 188.0 207.0 207.0 176.0 176.0 178.0 178.0 188.0 188.0 171.0 171.0 204.0 204.0 211.0 211.0 210.0 210.0 238.0 238.0 288.0 288.0 331.0 331.0 455.0 455.0 601.0 601.0 617.0 617.0 587.0 587.0 646.0 646.0 584.0 584.0 441.0 441.0 368.0 368.0 302.0 302.0 222.0 222.0 207.0 207.0 135.0 135.0 104.0 104.0 109.0 109.0 93.0 93.0 104.0 104.0 125.0 125.0 116.0 116.0 122.0 122.0 108.0 108.0 73.0 73.0 61.0 61.0 20.0 20.0
11.0 11.0 49.0 49.0 55.0 55.0 97.0 97.0 133.0 133.0 157.0 157.0 166.0 166.0 160.0 160.0 140.0 140.0 129.0 129.0 128.0 128.0 122.0 122.0 149.0 149.0 161.0 161.0 236.0 236.0 314.0 314.0 412.0 412.0 535.0 535.0 678.0 678.0 847.0 847.0 1053.0 1053.0 1212.0 1212.0 1378.0 1378.0 1049.0 1049.0 799.0 799.0 467.0 467.0 356.0 356.0 277.0 277.0 238.0 238.0 254.0 254.0 222.0 222.0 207.0 207.0 211.0 211.0 236.0 236.0 211.0 211.0 232.0 232.0 233.0 233.0 261.0 261.0 331.0 331.0 475.0 475.0 832.0 832.0 1166.0 1166.0 1262.0 1262.0 1211.0 1211.0 983.0 983.0 818.0 818.0 631.0 631.0 471.0 471.0 312.0 312.0 270.0 270.0 220.0 220.0 152.0 152.0 146.0 146.0 122.0 122.0 138.0 138.0 121.0 121.0 153.0 153.0 145.0 145.0 158.0 158.0 142.0 142.0 113.0 113.0 76.0 76.0 76.0 76.0 14.0 14.0
11.0 11.0 49.0 49.0 55.0 55.0 97.0 97.0 133.0 133.0 157.0 157.0 166.0 166.0 160.0 160.0 140.0 140.0 129.0 129.0 128.0 128.0 122.0 122.0 149.0 149.0 161.0 161.0 236.0 236.0 314.0 314.0 412.0 412.0 535.0 535.0 678.0 678.0 847.0 847.0 1053.0 1053.0 1212.0 1212.0 1378.0 1378.0 1049.0 1049.0 799.0 799.0 467.0 467.0 356.0 356.0 277.0 277.0 238.0 238.0 254.0 254.0 222.0 222.0 207.0 207.0 211.0 211.0 236.0 236.0 211.0 211.0 232.0 232.0 233.0 233.0 261.0 261.0 331.0 331.0 475.0 475.0 832.0 832.0 1166.0 1166.0 1262.0 1262.0 1211.0 1211.0 983.0 983.0 818.0 818.0 631.0 631.0 471.0 471.0 312.0 312.0 270.0 270.0 220.0 220.0 152.0 152.0 146.0 146.0 122.0 122.0 138.0 138.0 121.0 121.0 153.0 153.0 145.0 145.0 158.0 158.0 142.0 142.0 113.0 113.0 76.0 76.0 76.0 76.0 14.0 14.0
23.0 23.0 44.0 44.0 73.0 73.0 109.0 109.0 155.0 155.0 157.0 157.0 170.0 170.0 175.0 175.0 179.0 179.0 135.0 135.0 150.0 150.0 125.0 125.0 128.0 128.0 161.0 161.0 214.0 214.0 244.0 244.0 355.0 355.0 475.0 475.0 610.0 610.0 921.0 921.0 1445.0 1445.0 2007.0 2007.0 2667.0 2667.0 2668.0 2668.0 2145.0 2145.0 1270.0 1270.0 643.0 643.0 381.0 381.0 299.0 299.0 300.0 300.0 294.0 294.0 252.0 252.0 253.0 253.0 244.0 244.0 278.0 278.0 296.0 296.0 321.0 321.0 402.0 402.0 614.0 614.0 1241.0 1241.0 2240.0 2240.0 2708.0 2708.0 2589.0 2589.0 1842.0 1842.0 1352.0 1352.0 861.0 861.0 573.0 573.0 384.0 384.0 337.0 337.0 217.0 217.0 171.0 171.0 133.0 133.0 148.0 148.0 100.0 100.0 126.0 126.0 142.0 142.0 167.0 167.0 166.0 166.0 173.0 173.0 148.0 148.0 108.0 108.0 65.0 65.0 62.0 62.0 19.0 19.0
23.0 23.0 44.0 44.0 73.0 73.0 109.0 109.0 155.0 155.0 157.0 157.0 170.0 170.0 175.0 175.0 179.0 179.0 135.0 135.0 150.0 150.0 125.0 125.0 128.0 128.0 161.0 161.0 214.0 214.0 244.0 244.0 355.0 355.0 475.0 475.0 610.0 610.0 921.0 921.0 1445.0 1445.0 2007.0 2007.0 2667.0 2667.0 2668.0 2668.0 2145.0 2145.0 1270.0 1270.0 643.0 643.0 381.0 381.0 299.0 299.0 300.0 300.0 294.0 294.0 252.0 252.0 253.0 253.0 244.0 244.0 278.0 278.0 296.0 296.0 321.0 321.0 402.0 402.0 614.0 614.0 1241.0 1241.0 2240.0 2240.0 2708.0 2708.0 2589.0 2589.0 1842.0 1842.0 1352.0 1352.0 861.0 861.0 573.0 573.0 384.0 384.0 337.0 337.0 217.0 217.0 171.0 171.0 133.0 133.0 148.0 148.0 100.0 100.0 126.0 126.0 142.0 142.0 167.0 167.0 166.0 166.0 173.0 173.0 148.0 148.0 108.0 108.0 65.0 65.0 62.0 62.0 19.0 19.0
19.0 19.0 36.0 36.0 63.0 63.0 101.0 101.0 146.0 146.0 175.0 175.0 194.0 194.0 198.0 198.0 193.0 193.0 160.0 160.0 118.0 118.0 124.0 124.0 116.0 116.0 126.0 126.0 186.0 186.0 227.0 227.0 279.0 279.0 378.0 378.0 580.0 580.0 919.0 919.0 1552.0 1552.0 2613.0 2613.0 3871.0 3871.0 4657.0 4657.0 3866.0 3866.0 2376.0 2376.0 1233.0 1233.0 574.0 574.0 404.0 404.0 336.0 336.0 318.0 318.0 280.0 280.0 276.0 276.0 290.0 290.0 327.0 327.0 348.0 348.0 405.0 405.0 687.0 687.0 1234.0 1234.0 2433.0 2433.0 4089.0 4089.0 4540.0 4540.0 3701.0 3701.0 2361.0 2361.0 1405.0 1405.0 769.0 769.0 498.0 498.0 307.0 307.0 251.0 251.0 188.0 188.0 166.0 166.0 114.0 114.0 101.0 101.0 92.0 92.0 128.0 128.0 142.0 142.0 172.0 172.0 207.0 207.0 236.0 236.0 167.0 167.0 110.0 110.0 79.0 79.0 63.0 63.0 16.0 16.0
19.0 19.0 36.0 36.0 63.0 63.0 101.0 101.0 146.0 146.0 175.0 175.0 194.0 194.0 198.0 198.0 193.0 193.0 160.0 160.0 118.0 118.0 124.0 124.0 116.0 116.0 126.0 126.0 186.0 186.0 227.0 227.0 279.0 279.0 378.0 378.0 580.0 580.0 919.0 919.0 1552.0 1552.0 2613.0 2613.0 3871.0 3871.0 4657.0 4657.0 3866.0 3866.0 2376.0 2376.0 1233.0 1233.0 574.0 574.0 404.0 404.0 336.0 336.0 318.0 318.0 280.0 280.0 276.0 276.0 290.0 290.0 327.0 327.0 348.0 348.0 405.0 405.0 687.0 687.0 1234.0 1234.0 2433.0 2433.0 4089.0 4089.0 4540.0 4540.0 3701.0 3701.0 2361.0 2361.0 1405.0 1405.0 769.0 769.0 498.0 498.0 307.0 307.0 251.0 251.0 188.0 188.0 166.0 166.0 114.0 114.0 101.0 101.0 92.0 92.0 128.0 128.0 142.0 142.0 172.0 172.0 207.0 207.0 236.0 236.0 167.0 167.0 110.0 110.0 79.0 79.0 63.0 63.0 16.0 16.0
16.0 16.0 34.0 34.0 65.0 65.0 89.0 89.0 139.0 139.0 164.0 164.0 201.0 201.0 201.0 201.0 199.0 199.0 146.0 146.0 127.0 127.0 100.0 100.0 116.0 116.0 133.0 133.0 165.0 165.0 186.0 186.0 244.0 244.0 294.0 294.0 418.0 418.0 727.0 727.0 1286.0 1286.0 2418.0 2418.0 3939.0 3939.0 4870.0 4870.0 4394.0 4394.0 2933.0 2933.0 1571.0 1571.0 855.0 855.0 515.0 515.0 402.0 402.0 346.0 346.0 340.0 340.0 334.0 334.0 305.0 305.0 351.0 351.0 371.0 371.0 526.0 526.0 919.0 919.0 1650.0 1650.0 3167.0 3167.0 4478.0 4478.0 4717.0 4717.0 3487.0 3487.0 2042.0 2042.0 1093.0 1093.0 610.0 610.0 367.0 367.0 242.0 242.0 197.0 197.0 166.0 166.0 129.0 129.0 108.0 108.0 90.0 90.0 128.0 128.0 102.0 102.0 144.0 144.0 178.0 178.0 170.0 170.0 204.0 204.0 163.0 163.0 122.0 122.0 62.0 62.0 47.0 47.0 12.0 12.0
16.0 16.0 34.0 34.0 65.0 65.0 89.0 89.0 139.0 139.0 164.0 164.0 201.0 201.0 201.0 201.0 199.0 199.0 146.0 146.0 127.0 127.0 100.0 100.0 116.0 116.0 133.0 133.0 165.0 165.0 186.0 186.0 244.0 244.0 294.0 294.0 418.0 418.0 727.0 727.0 1286.0 1286.0 2418.0 2418.0 3939.0 3939.0 4870.0 4870.0 4394.0 4394.0 2933.0 2933.0 1571.0 1571.0 855.0 855.0 515.0 515.0 402.0 402.0 346.0 346.0 340.0 340.0 334.0 334.0 305.0 305.0 351.0 351.0 371.0 371.0 526.0 526.0 919.0 919.0 1650.0 1650.0 3167.0 3167.0 4478.0 4478.0 4717.0 4717.0 3487.0 3487.0 2042.0 2042.0 1093.0 1093.0 610.0 610.0 367.0 367.0 242.0 242.0 197.0 197.0 166.0 166.0 129.0 129.0 108.0 108.0 90.0 90.0 128.0 128.0 102.0 102.0 144.0 144.0 178.0 178.0 170.0 170.0 204.0 204.0 163.0 163.0 122.0 122.0 62.0 62.0 47.0 47.0 12.0 12.0
17.0 17.0 17.0 17.0 43.0 43.0 62.0 62.0 92.0 92.0 130.0 130.0 143.0 143.0 152.0 152.0 142.0 142.0 139.0 139.0 114.0 114.0 131.0 131.0 101.0 101.0 115.0 115.0 127.0 127.0 151.0 151.0 225.0 225.0 268.0 268.0 305.0 305.0 462.0 462.0 790.0 790.0 1406.0 1406.0 2597.0 2597.0 3252.0 3252.0 3212.0 3212.0 2501.0 2501.0 1488.0 1488.0 891.0 891.0 569.0 569.0 434.0 434.0 398.0 398.0 353.0 353.0 312.0 312.0 366.0 366.0 374.0 374.0 447.0 447.0 599.0 599.0 951.0 951.0 1642.0 1642.0 2536.0 2536.0 3385.0 3385.0 3077.0 3077.0 2256.0 2256.0 1269.0 1269.0 628.0 628.0 411.0 411.0 305.0 305.0 209.0 209.0 184.0 184.0 130.0 130.0 115.0 115.0 97.0 97.0 85.0 85.0 83.0 83.0 112.0 112.0 139.0 139.0 160.0 160.0 143.0 143.0 160.0 160.0 139.0 139.0 88.0 88.0 62.0 62.0 37.0 37.0 9.0 9.0
17.0 17.0 17.0 17.0 43.0 43.0 62.0 62.0 92.0 92.0 130.0 130.0 143.0 143.0 152.0 152.0 142.0 142.0 139.0 139.0 114.0 114.0 131.0 131.0 101.0 101.0 115.0 115.0 127.0 127.0 151.0 151.0 225.0 225.0 268.0 268.0 305.0 305.0 462.0 462.0 790.0 790.0 1406.0 1406.0 2597.0 2597.0 3252.0 3252.0 3212.0 3212.0 2501.0 2501.0 1488.0 1488.0 891.0 891.0 569.0 569.0 434.0 434.0 398.0 398.0 353.0 353.0 312.0 312.0 366.0 366.0 374.0 374.0 447.0 447.0 599.0 599.0 951.0 951.0 1642.0 1642.0 2536.0 2536.0 3385.0 3385.0 3077.0 3077.0 2256.0 2256.0 1269.0 1269.0 628.0 628.0 411.0 411.0 305.0 305.0 209.0 209.0 184.0 184.0 130.0 130.0 115.0 115.0 97.0 97.0 85.0 85.0 83.0 83.0 112.0 112.0 139.0 139.0 160.0 160.0 143.0 143.0 160.0 160.0 139.0 139.0 88.0 88.0 62.0 62.0 37.0 37.0 9.0 9.0
14.0 14.0 40.0 40.0 45.0 45.0 54.0 54.0 74.0 74.0 102.0 102.0 128.0 128.0 131.0 131.0 134.0 134.0 129.0 129.0 130.0 130.0 105.0 105.0 109.0 109.0 114.0 114.0 127.0 127.0 127.0 127.0 165.0 165.0 212.0 212.0 244.0 244.0 342.0 342.0 447.0 447.0 754.0 754.0 1170.0 1170.0 1603.0 1603.0 1814.0 1814.0 1545.0 1545.0 1127.0 1127.0 778.0 778.0 519.0 519.0 467.0 467.0 422.0 422.0 374.0 374.0 338.0 338.0 341.0 341.0 374.0 374.0 460.0 460.0 590.0 590.0 760.0 760.0 1094.0 1094.0 1565.0 1565.0 1774.0 1774.0 1490.0 1490.0 992.0 992.0 599.0 599.0 340.0 340.0 275.0 275.0 212.0 212.0 149.0 149.0 137.0 137.0 113.0 113.0 103.0 103.0 81.0 81.0 82.0 82.0 83.0 83.0 85.0 85.0 114.0 114.0 113.0 113.0 89.0 89.0 108.0 108.0 75.0 75.0 54.0 54.0 33.0 33.0 33.0 33.0 5.0 5.0
14.0 14.0 40.0 40.0 45.0 45.0 54.0 54.0 74.0 74.0 102.0 102.0 128.0 128.0 131.0 131.0 134.0 134.0 129.0 129.0 130.0 130.0 105.0 105.0 109.0 109.0 114.0 114.0 127.0 127.0 127.0 127.0 165.0 165.0 212.0 212.0 244.0 244.0 342.0 342.0 447.0 447.0 754.0 754.0 1170.0 1170.0 1603.0 1603.0 1814.0 1814.0 1545.0 1545.0 1127.0 1127.0 778.0 778.0 519.0 519.0 467.0 467.0 422.0 422.0 374.0 374.0 338.0 338.0 341.0 341.0 374.0 374.0 460.0 460.0 590.0 590.0 760.0 760.0 1094.0 1094.0 1565.0 1565.0 1774.0 1774.0 1490.0 1490.0 992.0 992.0 599.0 599.0 340.0 340.0 275.0 275.0 212.0 212.0 149.0 149.0 137.0 137.0 113.0 113.0 103.0 103.0 81.0 81.0 82.0 82.0 83.0 83.0 85.0 85.0 114.0 114.0 113.0 113.0 89.0 89.0 108.0 108.0 75.0 75.0 54.0 54.0 33.0 33.0 33.0 33.0 5.0 5.0
9.0 9.0 31.0 31.0 27.0 27.0 34.0 34.0 45.0 45.0 58.0 58.0 88.0 88.0 88.0 88.0 100.0 100.0 88.0 88.0 79.0 79.0 72.0 72.0 70.0 70.0 70.0 70.0 104.0 104.0 103.0 103.0 107.0 107.0 133.0 133.0 146.0 146.0 204.0 204.0 254.0 254.0 405.0 405.0 562.0 562.0 677.0 677.0 805.0 805.0 864.0 864.0 704.0 704.0 564.0 564.0 444.0 444.0 413.0 413.0 398.0 398.0 353.0 353.0 340.0 340.0 372.0 372.0 399.0 399.0 395.0 395.0 506.0 506.0 581.0 581.0 660.0 660.0 794.0 794.0 790.0 790.0 641.0 641.0 483.0 483.0 337.0 337.0 262.0 262.0 198.0 198.0 138.0 138.0 121.0 121.0 133.0 133.0 81.0 81.0 88.0 88.0 79.0 79.0 85.0 85.0 68.0 68.0 101.0 101.0 94.0 94.0 86.0 86.0 83.0 83.0 78.0 78.0 46.0 46.0 45.0 45.0 37.0 37.0 28.0 28.0 8.0 8.0
9.0 9.0 31.0 31.0 27.0 27.0 34.0 34.0 45.0 45.0 58.0 58.0 88.0 88.0 88.0 88.0 100.0 100.0 88.0 88.0 79.0 79.0 72.0 72.0 70.0 70.0 70.0 70.0 104.0 104.0 103.0 103.0 107.0 107.0 133.0 133.0 146.0 146.0 204.0 204.0 254.0 254.0 405.0 405.0 562.0 562.0 677.0 677.0 805.0 805.0 864.0 864.0 704.0 704.0 564.0 564.0 444.0 444.0 413.0 413.0 398.0 398.0 353.0 353.0 340.0 340.0 372.0 372.0 399.0 399.0 395.0 395.0 506.0 506.0 581.0 581.0 660.0 660.0 794.0 794.0 790.0 790.0 641.0 641.0 483.0 483.0 337.0 337.0 262.0 262.0 198.0 198.0 138.0 138.0 121.0 121.0 133.0 133.0 81.0 81.0 88.0 88.0 79.0 79.0 85.0 85.0 68.0 68.0 101.0 101.0 94.0 94.0 86.0 86.0 83.0 83.0 78.0 78.0 46.0 46.0 45.0 45.0 37.0 37.0 28.0 28.0 8.0 8.0
3.0 3.0 29.0 29.0 32.0 32.0 36.0 36.0 38.0 38.0 47.0 47.0 66.0 66.0 88.0 88.0 78.0 78.0 79.0 79.0 75.0 75.0 87.0 87.0 95.0 95.0 84.0 84.0 94.0 94.0 91.0 91.0 104.0 104.0 127.0 127.0 130.0 130.0 152.0 152.0 229.0 229.0 254.0 254.0 326.0 326.0 434.0 434.0 507.0 507.0 517.0 517.0 506.0 506.0 485.0 485.0 409.0 409.0 370.0 370.0 346.0 346.0 369.0 369.0 333.0 333.0 340.0 340.0 318.0 318.0 363.0 363.0 385.0 385.0 489.0 489.0 519.0 519.0 473.0 473.0 459.0 459.0 393.0 393.0 325.0 325.0 229.0 229.0 196.0 196.0 147.0 147.0 113.0 113.0 113.0 113.0 89.0 89.0 79.0 79.0 81.0 81.0 65.0 65.0 68.0 68.0 70.0 70.0 85.0 85.0 77.0 77.0 60.0 60.0 72.0 72.0 53.0 53.0 44.0 44.0 29.0 29.0 39.0 39.0 28.0 28.0 6.0 6.0
3.0 3.0 29.0 29.0 32.0 32.0 36.0 36.0 38.0 38.0 47.0 47.0 66.0 66.0 88.0 88.0 78.0 78.0 79.0 79.0 75.0 75.0 87.0 87.0 95.0 95.0 84.0 84.0 94.0 94.0 91.0 91.0 104.0 104.0 127.0 127.0 130.0 130.0 152.0 152.0 229.0 229.0 254.0 254.0 326.0 326.0 434.0 434.0 507.0 507.0 517.0 517.0 506.0 506.0 485.0 485.0 409.0 409.0 370.0 370.0 346.0 346.0 369.0 369.0 333.0 333.0 340.0 340.0 318.0 318.0 363.0 363.0 385.0 385.0 489.0 489.0 519.0 519.0 473.0 473.0 459.0 459.0 393.0 393.0 325.0 325.0 229.0 229.0 196.0 196.0 147.0 147.0 113.0 113.0 113.0 113.0 89.0 89.0 79.0 79.0 81.0 81.0 65.0 65.0 68.0 68.0 70.0 70.0 85.0 85.0 77.0 77.0 60.0 60.0 72.0 72.0 53.0 53.0 44.0 44.0 29.0 29.0 39.0 39.0 28.0 28.0 6.0 6.0
4.0 4.0 15.0 15.0 26.0 26.0 36.0 36.0 30.0 30.0 23.0 23.0 48.0 48.0 38.0 38.0 52.0 52.0 48.0 48.0 67.0 67.0 52.0 52.0 70.0 70.0 72.0 72.0 65.0 65.0 68.0 68.0 63.0 63.0 107.0 107.0 82.0 82.0 128.0 128.0 133.0 133.0 179.0 179.0 199.0 199.0 233.0 233.0 280.0 280.0 328.0 328.0 315.0 315.0 306.0 306.0 280.0 280.0 277.0 277.0 248.0 248.0 304.0 304.0 258.0 258.0 239.0 239.0 272.0 272.0 255.0 255.0 278.0 278.0 294.0 294.0 305.0 305.0 328.0 328.0 269.0 269.0 229.0 229.0 188.0 188.0 165.0 165.0 134.0 134.0 96.0 96.0 85.0 85.0 78.0 78.0 74.0 74.0 73.0 73.0 66.0 66.0 57.0 57.0 48.0 48.0 49.0 49.0 44.0 44.0 46.0 46.0 38.0 38.0 46.0 46.0 38.0 38.0 29.0 29.0 28.0 28.0 22.0 22.0 25.0 25.0 3.0 3.0
4.0 4.0 15.0 15.0 26.0 26.0 36.0 36.0 30.0 30.0 23.0 23.0 48.0 48.0 38.0 38.0 52.0 52.0 48.0 48.0 67.0 67.0 52.0 52.0 70.0 70.0 72.0 72.0 65.0 65.0 68.0 68.0 63.0 63.0 107.0 107.0 82.0 82.0 128.0 128.0 133.0 133.0 179.0 179.0 199.0 199.0 233.0 233.0 280.0 280.0 328.0 328.0 315.0 315.0 306.0 306.0 280.0 280.0 277.0 277.0 248.0 248.0 304.0 304.0 258.0 258.0 239.0 239.0 272.0 272.0 255.0 255.0 278.0 278.0 294.0 294.0 305.0 305.0 328.0 328.0 269.0 269.0 229.0 229.0 188.0 188.0 165.0 165.0 134.0 134.0 96.0 96.0 85.0 85.0 78.0 78.0 74.0 74.0 73.0 73.0 66.0 66.0 57.0 57.0 48.0 48.0 49.0 49.0 44.0 44.0 46.0 46.0 38.0 38.0 46.0 46.0 38.0 38.0 29.0 29.0 28.0 28.0 22.0 22.0 25.0 25.0 3.0 3.0
5.0 5.0 16.0 16.0 18.0 18.0 27.0 27.0 27.0 27.0 24.0 24.0 36.0 36.0 42.0 42.0 46.0 46.0 53.0 53.0 59.0 59.0 43.0 43.0 41.0 41.0 49.0 49.0 55.0 55.0 59.0 59.0 76.0 76.0 70.0 70.0 75.0 75.0 84.0 84.0 96.0 96.0 117.0 117.0 138.0 138.0 173.0 173.0 201.0 201.0 227.0 227.0 255.0 255.0 240.0 240.0 218.0 218.0 250.0 250.0 207.0 207.0 218.0 218.0 184.0 184.0 215.0 215.0 205.0 205.0 191.0 191.0 226.0 226.0 237.0 237.0 201.0 201.0 208.0 208.0 198.0 198.0 173.0 173.0 123.0 123.0 129.0 129.0 100.0 100.0 84.0 84.0 74.0 74.0 66.0 66.0 65.0 65.0 61.0 61.0 55.0 55.0 58.0 58.0 46.0 46.0 45.0 45.0 50.0 50.0 43.0 43.0 38.0 38.0 31.0 31.0 44.0 44.0 31.0 31.0 26.0 26.0 18.0 18.0 26.0 26.0 2.0 2.0
5.0 5.0 16.0 16.0 18.0 18.0 27.0 27.0 27.0 27.0 24.0 24.0 36.0 36.0 42.0 42.0 46.0 46.0 53.0 53.0 59.0 59.0 43.0 43.0 41.0 41.0 49.0 49.0 55.0 55.0 59.0 59.0 76.0 76.0 70.0 70.0 75.0 75.0 84.0 84.0 96.0 96.0 117.0 117.0 138.0 138.0 173.0 173.0 201.0 201.0 227.0 227.0 255.0 255.0 240.0 240.0 218.0 218.0 250.0 250.0 207.0 207.0 218.0 218.0 184.0 184.0 215.0 215.0 205.0 205.0 191.0 191.0 226.0 226.0 237.0 237.0 201.0 201.0 208.0 208.0 198.0 198.0 173.0 173.0 123.0 123.0 129.0 129.0 100.0 100.0 84.0 84.0 74.0 74.0 66.0 66.0 65.0 65.0 61.0 61.0 55.0 55.0 58.0 58.0 46.0 46.0 45.0 45.0 50.0 50.0 43.0 43.0 38.0 38.0 31.0 31.0 44.0 44.0 31.0 31.0 26.0 26.0 18.0 18.0 26.0 26.0 2.0 2.0
5.0 5.0 29.0 29.0 22.0 22.0 22.0 22.0 25.0 25.0 36.0 36.0 31.0 31.0 34.0 34.0 36.0 36.0 32.0 32.0 36.0 36.0 44.0 44.0 44.0 44.0 56.0 56.0 61.0 61.0 67.0 67.0 43.0 43.0 62.0 62.0 54.0 54.0 67.0 67.0 99.0 99.0 104.0 104.0 121.0 121.0 149.0 149.0 154.0 154.0 193.0 193.0 168.0 168.0 166.0 166.0 182.0 182.0 171.0 171.0 185.0 185.0 183.0 183.0 153.0 153.0 172.0 172.0 174.0 174.0 174.0 174.0 176.0 176.0 168.0 168.0 167.0 167.0 139.0 139.0 140.0 140.0 124.0 124.0 97.0 97.0 86.0 86.0 75.0 75.0 77.0 77.0 66.0 66.0 78.0 78.0 56.0 56.0 62.0 62.0 58.0 58.0 47.0 47.0 41.0 41.0 47.0 47.0 47.0 47.0 30.0 30.0 32.0 32.0 31.0 31.0 32.0 32.0 28.0 28.0 20.0 20.0 26.0 26.0 22.0 22.0 3.0 3.0
5.0 5.0 29.0 29.0 22.0 22.0 22.0 22.0 25.0 25.0 36.0 36.0 31.0 31.0 34.0 34.0 36.0 36.0 32.0 32.0 36.0 36.0 44.0 44.0 44.0 44.0 56.0 56.0 61.0 61.0 67.0 67.0 43.0 43.0 62.0 62.0 54.0 54.0 67.0 67.0 99.0 99.0 104.0 104.0 121.0 121.0 149.0 149.0 154.0 154.0 193.0 193.0 168.0 168.0 166.0 166.0 182.0 182.0 171.0 171.0 185.0 185.0 183.0 183.0 153.0 153.0 172.0 172.0 174.0 174.0 174.0 174.0 176.0 176.0 168.0 168.0 167.0 167.0 139.0 139.0 140.0 140.0 124.0 124.0 97.0 97.0 86.0 86.0 75.0 75.0 77.0 77.0 66.0 66.0 78.0 78.0 56.0 56.0 62.0 62.0 58.0 58.0 47.0 47.0 41.0 41.0 47.0 47.0 47.0 47.0 30.0 30.0 32.0 32.0 31.0 31.0 32.0 32.0 28.0 28.0 20.0 20.0 26.0 26.0 22.0 22.0 3.0 3.0
1.0 1.0 20.0 20.0 21.0 21.0 24.0 24.0 22.0 22.0 29.0 29.0 22.0 22.0 32.0 32.0 32.0 32.0 34.0 34.0 42.0 42.0 34.0 34.0 59.0 59.0 45.0 45.0 49.0 49.0 42.0 42.0 53.0 53.0 56.0 56.0 64.0 64.0 75.0 75.0 72.0 72.0 63.0 63.0 95.0 95.0 97.0 97.0 106.0 106.0 114.0 114.0 139.0 139.0 142.0 142.0 119.0 119.0 144.0 144.0 148.0 148.0 148.0 148.0 128.0 128.0 123.0 123.0 130.0 130.0 132.0 132.0 111.0 111.0 107.0 107.0 107.0 107.0 126.0 126.0 89.0 89.0 83.0 83.0 80.0 80.0 79.0 79.0 80.0 80.0 58.0 58.0 54.0 54.0 40.0 40.0 49.0 49.0 48.0 48.0 50.0 50.0 34.0 34.0 25.0 25.0 34.0 34.0 33.0 33.0 31.0 31.0 18.0 18.0 31.0 31.0 27.0 27.0 25.0 25.0 14.0 14.0 25.0 25.0 17.0 17.0 7.0 7.0
1.0 1.0 20.0 20.0 21.0 21.0 24.0 24.0 22.0 22.0 29.0 29.0 22.0 22.0 32.0 32.0 32.0 32.0 34.0 34.0 42.0 42.0 34.0 34.0 59.0 59.0 45.0 45.0 49.0 49.0 42.0 42.0 53.0 53.0 56.0 56.0 64.0 64.0 75.0 75.0 72.0 72.0 63.0 63.0 95.0 95.0 97.0 97.0 106.0 106.0 114.0 114.0 139.0 139.0 142.0 142.0 119.0 119.0 144.0 144.0 148.0 148.0 148.0 148.0 128.0 128.0 123.0 123.0 130.0 130.0 132.0 132.0 111.0 111.0 107.0 107.0 107.0 107.0 126.0 126.0 89.0 89.0 83.0 83.0 80.0 80.0 79.0 79.0 80.0 80.0 58.0 58.0 54.0 54.0 40.0 40.0 49.0 49.0 48.0 48.0 50.0 50.0 34.0 34.0 25.0 25.0 34.0 34.0 33.0 33.0 31.0 31.0 18.0 18.0 31.0 31.0 27.0 27.0 25.0 25.0 14.0 14.0 25.0 25.0 17.0 17.0 7.0 7.0
3.0 3.0 22.0 22.0 23.0 23.0 22.0 22.0 23.0 23.0 18.0 18.0 20.0 20.0 26.0 26.0 32.0 32.0 32.0 32.0 42.0 42.0 39.0 39.0 48.0 48.0 38.0 38.0 33.0 33.0 52.0 52.0 50.0 50.0 55.0 55.0 48.0 48.0 58.0 58.0 59.0 59.0 72.0 72.0 62.0 62.0 78.0 78.0 86.0 86.0 112.0 112.0 102.0 102.0 108.0 108.0 113.0 113.0 119.0 119.0 106.0 106.0 125.0 125.0 114.0 114.0 121.0 121.0 117.0 117.0 108.0 108.0 105.0 105.0 112.0 112.0 129.0 129.0 91.0 91.0 88.0 88.0 97.0 97.0 65.0 65.0 60.0 60.0 64.0 64.0 52.0 52.0 37.0 37.0 39.0 39.0 39.0 39.0 35.0 35.0 41.0 41.0 28.0 28.0 40.0 40.0 38.0 38.0 32.0 32.0 14.0 14.0 29.0 29.0 27.0 27.0 31.0 31.0 24.0 24.0 24.0 24.0 22.0 22.0 28.0 28.0 4.0 4.0
3.0 3.0 22.0 22.0 23.0 23.0 22.0 22.0 23.0 23.0 18.0 18.0 20.0 20.0 26.0 26.0 32.0 32.0 32.0 32.0 42.0 42.0 39.0 39.0 48.0 48.0 38.0 38.0 33.0 33.0 52.0 52.0 50.0 50.0 55.0 55.0 48.0 48.0 58.0 58.0 59.0 59.0 72.0 72.0 62.0 62.0 78.0 78.0 86.0 86.0 112.0 112.0 102.0 102.0 108.0 108.0 113.0 113.0 119.0 119.0 106.0 106.0 125.0 125.0 114.0 114.0 121.0 121.0 117.0 117.0 108.0 108.0 105.0 105.0 112.0 112.0 129.0 129.0 91.0 91.0 88.0 88.0 97.0 97.0 65.0 65.0 60.0 60.0 64.0 64.0 52.0 52.0 37.0 37.0 39.0 39.0 39.0 39.0 35.0 35.0 41.0 41.0 28.0 28.0 40.0 40.0 38.0 38.0 32.0 32.0 14.0 14.0 29.0 29.0 27.0 27.0 31.0 31.0 24.0 24.0 24.0 24.0 22.0 22.0 28.0 28.0 4.0 4.0
4.0 4.0 22.0 22.0 19.0 19.0 20.0 20.0 25.0 25.0 20.0 20.0 16.0 16.0 23.0 23.0 28.0 28.0 28.0 28.0 32.0 32.0 29.0 29.0 34.0 34.0 40.0 40.0 41.0 41.0 35.0 35.0 61.0 61.0 38.0 38.0 49.0 49.0 41.0 41.0 49.0 49.0 48.0 48.0 68.0 68.0 53.0 53.0 71.0 71.0 91.0 91.0 105.0 105.0 100.0 100.0 84.0 84.0 100.0 100.0 96.0 96.0 110.0 110.0 97.0 97.0 98.0 98.0 97.0 97.0 89.0 89.0 89.0 89.0 82.0 82.0 67.0 67.0 80.0 80.0 71.0 71.0 61.0 61.0 61.0 61.0 34.0 34.0 55.0 55.0 50.0 50.0 52.0 52.0 42.0 42.0 36.0 36.0 39.0 39.0 34.0 34.0 29.0 29.0 34.0 34.0 29.0 29.0 29.0 29.0 23.0 23.0 19.0 19.0 18.0 18.0 23.0 23.0 22.0 22.0 20.0 20.0 16.0 16.0 21.0 21.0 6.0 6.0
4.0 4.0 22.0 22.0 19.0 19.0 20.0 20.0 25.0 25.0 20.0 20.0 16.0 16.0 23.0 23.0 28.0 28.0 28.0 28.0 32.0 32.0 29.0 29.0 34.0 34.0 40.0 40.0 41.0 41.0 35.0 35.0 61.0 61.0 38.0 38.0 49.0 49.0 41.0 41.0 49.0 49.0 48.0 48.0 68.0 68.0 53.0 53.0 71.0 71.0 91.0 91.0 105.0 105.0 100.0 100.0 84.0 84.0 100.0 100.0 96.0 96.0 110.0 110.0 97.0 97.0 98.0 98.0 97.0 97.0 89.0 89.0 89.0 89.0 82.0 82.0 67.0 67.0 80.0 80.0 71.0 71.0 61.0 61.0 61.0 61.0 34.0 34.0 55.0 55.0 50.0 50.0 52.0 52.0 42.0 42.0 36.0 36.0 39.0 39.0 34.0 34.0 29.0 29.0 34.0 34.0 29.0 29.0 29.0 29.0 23.0 23.0 19.0 19.0 18.0 18.0 23.0 23.0 22.0 22.0 20.0 20.0 16.0 16.0 21.0 21.0 6.0 6.0
4.0 4.0 16.0 16.0 24.0 24.0 26.0 26.0 24.0 24.0 28.0 28.0 31.0 31.0 18.0 18.0 26.0 26.0 25.0 25.0 28.0 28.0 32.0 32.0 21.0 21.0 25.0 25.0 38.0 38.0 42.0 42.0 31.0 31.0 45.0 45.0 53.0 53.0 42.0 42.0 59.0 59.0 29.0 29.0 69.0 69.0 59.0 59.0 65.0 65.0 85.0 85.0 82.0 82.0 90.0 90.0 91.0 91.0 92.0 92.0 107.0 107.0 119.0 119.0 104.0 104.0 105.0 105.0 94.0 94.0 102.0 102.0 103.0 103.0 78.0 78.0 76.0 76.0 76.0 76.0 59.0 59.0 55.0 55.0 54.0 54.0 48.0 48.0 33.0 33.0 33.0 33.0 43.0 43.0 36.0 36.0 44.0 44.0 29.0 29.0 38.0 38.0 25.0 25.0 33.0 33.0 30.0 30.0 16.0 16.0 32.0 32.0 27.0 27.0 24.0 24.0 22.0 22.0 21.0 21.0 23.0 23.0 28.0 28.0 25.0 25.0 4.0 4.0
4.0 4.0 16.0 16.0 24.0 24.0 26.0 26.0 24.0 24.0 28.0 28.0 31.0 31.0 18.0 18.0 26.0 26.0 25.0 25.0 28.0 28.0 32.0 32.0 21.0 21.0 25.0 25.0 38.0 38.0 42.0 42.0 31.0 31.0 45.0 45.0 53.0 53.0 42.0 42.0 59.0 59.0 29.0 29.0 69.0 69.0 59.0 59.0 65.0 65.0 85.0 85.0 82.0 82.0 90.0 90.0 91.0 91.0 92.0 92.0 107.0 107.0 119.0 119.0 104.0 104.0 105.0 105.0 94.0 94.0 102.0 102.0 103.0 103.0 78.0 78.0 76.0 76.0 76.0 76.0 59.0 59.0 55.0 55.0 54.0 54.0 48.0 48.0 33.0 33.0 33.0 33.0 43.0 43.0 36.0 36.0 44.0 44.0 29.0 29.0 38.0 38.0 25.0 25.0 33.0 33.0 30.0 30.0 16.0 16.0 32.0 32.0 27.0 27.0 24.0 24.0 22.0 22.0 21.0 21.0 23.0 23.0 28.0 28.0 25.0 25.0 4.0 4.0
1.0 1.0 18.0 18.0 14.0 14.0 28.0 28.0 18.0 18.0 22.0 22.0 21.0 21.0 14.0 14.0 16.0 16.0 26.0 26.0 25.0 25.0 34.0 34.0 28.0 28.0 42.0 42.0 28.0 28.0 30.0 30.0 35.0 35.0 31.0 31.0 27.0 27.0 40.0 40.0 32.0 32.0 55.0 55.0 51.0 51.0 57.0 57.0 57.0 57.0 59.0 59.0 79.0 79.0 89.0 89.0 92.0 92.0 118.0 118.0 126.0 126.0 141.0 141.0 130.0 130.0 154.0 154.0 129.0 129.0 95.0 95.0 85.0 85.0 85.0 85.0 66.0 66.0 58.0 58.0 52.0 52.0 39.0 39.0 37.0 37.0 50.0 50.0 37.0 37.0 27.0 27.0 39.0 39.0 39.0 39.0 40.0 40.0 34.0 34.0 38.0 38.0 22.0 22.0 31.0 31.0 25.0 25.0 18.0 18.0 34.0 34.0 23.0 23.0 20.0 20.0 20.0 20.0 18.0 18.0 17.0 17.0 15.0 15.0 19.0 19.0 1.0 1.0
1.0 1.0 18.0 18.0 14.0 14.0 28.0 28.0 18.0 18.0 22.0 22.0 21.0 21.0 14.0 14.0 16.0 16.0 26.0 26.0 25.0 25.0 34.0 34.0 28.0 28.0 42.0 42.0 28.0 28.0 30.0 30.0 35.0 35.0 31.0 31.0 27.0 27.0 40.0 40.0 32.0 32.0 55.0 55.0 51.0 51.0 57.0 57.0 57.0 57.0 59.0 59.0 79.0 79.0 89.0 89.0 92.0 92.0 118.0 118.0 126.0 126.0 141.0 141.0 130.0 130.0 154.0 154.0 129.0 129.0 95.0 95.0 85.0 85.0 85.0 85.0 66.0 66.0 58.0 58.0 52.0 52.0 39.0 39.0 37.0 37.0 50.0 50.0 37.0 37.0 27.0 27.0 39.0 39.0 39.0 39.0 40.0 40.0 34.0 34.0 38.0 38.0 22.0 22.0 31.0 31.0 25.0 25.0 18.0 18.0 34.0 34.0 23.0 23.0 20.0 20.0 20.0 20.0 18.0 18.0 17.0 17.0 15.0 15.0 19.0 19.0 1.0 1.0
0.0 0.0 17.0 17.0 14.0 14.0 32.0 32.0 22.0 22.0 16.0 16.0 33.0 33.0 23.0 23.0 26.0 26.0 30.0 30.0 37.0 37.0 27.0 27.0 31.0 31.0 24.0 24.0 34.0 34.0 39.0 39.0 28.0 28.0 35.0 35.0 34.0 34.0 38.0 38.0 33.0 33.0 39.0 39.0 44.0 44.0 45.0 45.0 56.0 56.0 67.0 67.0 67.0 67.0 83.0 83.0 88.0 88.0 140.0 140.0 115.0 115.0 181.0 181.0 152.0 152.0 166.0 166.0 105.0 105.0 101.0 101.0 100.0 100.0 68.0 68.0 48.0 48.0 61.0 61.0 54.0 54.0 44.0 44.0 34.0 34.0 36.0 36.0 37.0 37.0 25.0 25.0 36.0 36.0 25.0 25.0 28.0 28.0 26.0 26.0 25.0 25.0 29.0 29.0 32.0 32.0 28.0 28.0 25.0 25.0 22.0 22.0 26.0 26.0 21.0 21.0 27.0 27.0 24.0 24.0 28.0 28.0 15.0 15.0 21.0 21.0 2.0 2.0
0.0 0.0 17.0 17.0 14.0 14.0 32.0 32.0 22.0 22.0 16.0 16.0 33.0 33.0 23.0 23.0 26.0 26.0 30.0 30.0 37.0 37.0 27.0 27.0 31.0 31.0 24.0 24.0 34.0 34.0 39.0 39.0 28.0 28.0 35.0 35.0 34.0 34.0 38.0 38.0 33.0 33.0 39.0 39.0 44.0 44.0 45.0 45.0 56.0 56.0 67.0 67.0 67.0 67.0 83.0 83.0 88.0 88.0 140.0 140.0 115.0 115.0 181.0 181.0 152.0 152.0 166.0 166.0 105.0 105.0 101.0 101.0 100.0 100.0 68.0 68.0 48.0 48.0 61.0 61.0 54.0 54.0 44.0 44.0 34.0 34.0 36.0 36.0 37.0 37.0 25.0 25.0 36.0 36.0 25.0 25.0 28.0 28.0 26.0 26.0 25.0 25.0 29.0 29.0 32.0 32.0 28.0 28.0 25.0 25.0 22.0 22.0 26.0 26.0 21.0 21.0 27.0 27.0 24.0 24.0 28.0 28.0 15.0 15.0 21.0 21.0 2.0 2.0
1.0 1.0 6.0 6.0 32.0 32.0 32.0 32.0 21.0 21.0 19.0 19.0 29.0 29.0 20.0 20.0 19.0 19.0 31.0 31.0 32.0 32.0 24.0 24.0 33.0 33.0 32.0 32.0 37.0 37.0 31.0 31.0 40.0 40.0 32.0 32.0 27.0 27.0 36.0 36.0 42.0 42.0 33.0 33.0 33.0 33.0 55.0 55.0 47.0 47.0 48.0 48.0 54.0 54.0 74.0 74.0 99.0 99.0 139.0 139.0 135.0 135.0 211.0 211.0 157.0 157.0 152.0 152.0 142.0 142.0 111.0 111.0 99.0 99.0 72.0 72.0 42.0 42.0 45.0 45.0 43.0 43.0 39.0 39.0 33.0 33.0 37.0 37.0 32.0 32.0 32.0 32.0 28.0 28.0 33.0 33.0 26.0 26.0 28.0 28.0 29.0 29.0 28.0 28.0 28.0 28.0 22.0 22.0 23.0 23.0 25.0 25.0 16.0 16.0 20.0 20.0 18.0 18.0 24.0 24.0 17.0 17.0 19.0 19.0 4.0 4.0 0.0 0.0
1.0 1.0 6.0 6.0 32.0 32.0 32.0 32.0 21.0 21.0 19.0 19.0 29.0 29.0 20.0 20.0 19.0 19.0 31.0 31.0 32.0 32.0 24.0 24.0 33.0 33.0 32.0 32.0 37.0 37.0 31.0 31.0 40.0 40.0 32.0 32.0 27.0 27.0 36.0 36.0 42.0 42.0 33.0 33.0 33.0 33.0 55.0 55.0 47.0 47.0 48.0 48.0 54.0 54.0 74.0 74.0 99.0 99.0 139.0 139.0 135.0 135.0 211.0 211.0 157.0 157.0 152.0 152.0 142.0 142.0 111.0 111.0 99.0 99.0 72.0 72.0 42.0 42.0 45.0 45.0 43.0 43.0 39.0 39.0 33.0 33.0 37.0 37.0 32.0 32.0 32.0 32.0 28.0 28.0 33.0 33.0 26.0 26.0 28.0 28.0 29.0 29.0 28.0 28.0 28.0 28.0 22.0 22.0 23.0 23.0 25.0 25.0 16.0 16.0 20.0 20.0 18.0 18.0 24.0 24.0 17.0 17.0 19.0 19.0 4.0 4.0 0.0 0.0
7.0 7.0 1.0 1.0 14.0 14.0 15.0 15.0 21.0 21.0 21.0 21.0 15.0 15.0 19.0 19.0 16.0 16.0 30.0 30.0 29.0 29.0 24.0 24.0 34.0 34.0 30.0 30.0 23.0 23.0 48.0 48.0 38.0 38.0 35.0 35.0 27.0 27.0 33.0 33.0 47.0 47.0 34.0 34.0 34.0 34.0 47.0 47.0 52.0 52.0 39.0 39.0 46.0 46.0 86.0 86.0 57.0 57.0 128.0 128.0 127.0 127.0 186.0 186.0 144.0 144.0 134.0 134.0 113.0 113.0 109.0 109.0 84.0 84.0 58.0 58.0 59.0 59.0 47.0 47.0 36.0 36.0 59.0 59.0 35.0 35.0 29.0 29.0 28.0 28.0 27.0 27.0 33.0 33.0 27.0 27.0 24.0 24.0 22.0 22.0 26.0 26.0 25.0 25.0 26.0 26.0 33.0 33.0 16.0 16.0 22.0 22.0 20.0 20.0 18.0 18.0 24.0 24.0 24.0 24.0 18.0 18.0 3.0 3.0 1.0 1.0 1.0 1.0
7.0 7.0 1.0 1.0 14.0 14.0 15.0 15.0 21.0 21.0 21.0 21.0 15.0 15.0 19.0 19.0 16.0 16.0 30.0 30.0 29.0 29.0 24.0 24.0 34.0 34.0 30.0 30.0 23.0 23.0 48.0 48.0 38.0 38.0 35.0 35.0 27.0 27.0 33.0 33.0 47.0 47.0 34.0 34.0 34.0 34.0 47.0 47.0 52.0 52.0 39.0 39.0 46.0 46.0 86.0 86.0 57.0 57.0 128.0 128.0 127.0 127.0 186.0 186.0 144.0 144.0 134.0 134.0 113.0 113.0 109.0 109.0 84.0 84.0 58.0 58.0 59.0 59.0 47.0 47.0 36.0 36.0 59.0 59.0 35.0 35.0 29.0 29.0 28.0 28.0 27.0 27.0 33.0 33.0 27.0 27.0 24.0 24.0 22.0 22.0 26.0 26.0 25.0 25.0 26.0 26.0 33.0 33.0 16.0 16.0 22.0 22.0 20.0 20.0 18.0 18.0 24.0 24.0 24.0 24.0 18.0 18.0 3.0 3.0 1.0 1.0 1.0 1.0
